./Boeing 8 2 6 4 0.1 2.0 10
./Boeing 8 2 6 4 0.1 1.5 10
./Boeing 8 2 6 4 0.1 1.0 10
./Boeing 8 2 6 4 0.1 0.75 10
./Boeing 8 2 6 4 0.1 0.5 10
./Boeing 8 2 6 4 0.1 0.25 10
./Boeing 8 2 6 4 0.1 0.22 10
./Boeing 8 2 6 4 0.1 0.175 10
./Boeing 8 2 6 4 0.1 0.15 10
./Boeing 8 2 6 4 0.1 0.125 10
./Boeing 8 2 6 4 0.1 2.0 10
./Boeing 8 2 6 4 0.1 1.5 10
./Boeing 8 2 6 4 0.1 1.0 10
./Boeing 8 2 6 4 0.1 0.75 10
./Boeing 8 2 6 4 0.1 0.5 10
./Boeing 8 2 6 4 0.1 0.25 10
./Boeing 8 2 6 4 0.1 0.22 10
./Boeing 8 2 6 4 0.1 0.175 10
./Boeing 8 2 6 4 0.1 0.15 10
./Boeing 8 2 6 4 0.1 0.125 10
./Boeing 8 2 6 4 0.1 2.0 10
./Boeing 8 2 6 4 0.1 1.5 10
./Boeing 8 2 6 4 0.1 1.0 10
./Boeing 8 2 6 4 0.1 0.75 10
./Boeing 8 2 6 4 0.1 0.5 10
./Boeing 8 2 6 4 0.1 0.25 10
./Boeing 8 2 6 4 0.1 0.22 10
./Boeing 8 2 6 4 0.1 0.175 10
./Boeing 8 2 6 4 0.1 0.15 10
./Boeing 8 2 6 4 0.1 0.125 10
./Boeing 8 2 6 4 0.1 2.0 10
./Boeing 8 2 6 4 0.1 1.5 10
./Boeing 8 2 6 4 0.1 1.0 10
./Boeing 8 2 6 4 0.1 0.75 10
./Boeing 8 2 6 4 0.1 0.5 10
./Boeing 8 2 6 4 0.1 0.25 10
./Boeing 8 2 6 4 0.1 0.22 10
./Boeing 8 2 6 4 0.1 0.175 10
./Boeing 8 2 6 4 0.1 0.15 10
./Boeing 8 2 6 4 0.1 0.125 10
./Boeing 8 2 6 4 0.1 2.0 10
./Boeing 8 2 6 4 0.1 1.5 10
./Boeing 8 2 6 4 0.1 1.0 10  
./Boeing 8 2 6 4 0.1 0.75 10
./Boeing 8 2 6 4 0.1 0.5 10
./Boeing 8 2 6 4 0.1 0.25 10
./Boeing 8 2 6 4 0.1 0.22 10
./Boeing 8 2 6 4 0.1 0.175 10
./Boeing 8 2 6 4 0.1 0.15 10
./Boeing 8 2 6 4 0.1 0.125 10
