./Boeing 8 2 6 4 0.1 2.0 0.5
./Boeing 8 2 6 4 0.1 1.5 0.5
./Boeing 8 2 6 4 0.1 1.0 0.5
./Boeing 8 2 6 4 0.1 0.75 0.5
./Boeing 8 2 6 4 0.1 0.5 0.5
./Boeing 8 2 6 4 0.1 0.25 0.5
./Boeing 8 2 6 4 0.1 0.22 0.5
./Boeing 8 2 6 4 0.1 0.175 0.5
./Boeing 8 2 6 4 0.1 0.15 0.5
./Boeing 8 2 6 4 0.1 0.125 0.5
./Boeing 8 2 6 4 0.1 2.0 2.0
./Boeing 8 2 6 4 0.1 1.5 2.0
./Boeing 8 2 6 4 0.1 1.0 2.0
./Boeing 8 2 6 4 0.1 0.75 2.0
./Boeing 8 2 6 4 0.1 0.5 2.0
./Boeing 8 2 6 4 0.1 0.25 2.0
./Boeing 8 2 6 4 0.1 0.22 2.0
./Boeing 8 2 6 4 0.1 0.175 2.0
./Boeing 8 2 6 4 0.1 0.15 2.0
./Boeing 8 2 6 4 0.1 0.125 2.0
./Boeing 8 2 6 4 0.1 2.0 10.0
./Boeing 8 2 6 4 0.1 1.5 10.0
./Boeing 8 2 6 4 0.1 1.0 10.0
./Boeing 8 2 6 4 0.1 0.75 10.0
./Boeing 8 2 6 4 0.1 0.5 10.0
./Boeing 8 2 6 4 0.1 0.25 10.0
./Boeing 8 2 6 4 0.1 0.22 10.0
./Boeing 8 2 6 4 0.1 0.175 10.0
./Boeing 8 2 6 4 0.1 0.15 10.0
./Boeing 8 2 6 4 0.1 0.125 10.0
