0 1 
7 0 

0 1 
6 0 

0 1 
5 0 

0 1 
4 0 

0 1 
3 0 

0 1 
2 0 

0 1 
1 0 

627 1 
0 0 

626 1 
0 0 

625 1 
0 0 

624 1 
0 0 

623 1 
0 0 

622 1 
0 0 

621 1 
0 0 

620 1 
0 0 

619 1 
0 0 

618 1 
0 0 

617 1 
0 0 

616 1 
0 0 

615 1 
0 0 

614 1 
0 0 

613 1 
0 0 

612 1 
0 0 

611 1 
0 0 

610 1 
0 0 

609 1 
0 0 

608 1 
0 0 

607 1 
0 0 

606 1 
0 0 

605 1 
0 0 

604 1 
0 0 

603 1 
0 0 

602 1 
0 0 

627 1 
1 0 

626 1 
1 0 

625 1 
1 0 

624 1 
1 0 

623 1 
1 0 

622 1 
1 0 

621 1 
1 0 

620 1 
1 0 

619 1 
1 0 

618 1 
1 0 

617 1 
1 0 

616 1 
1 0 

615 1 
1 0 

614 1 
1 0 

613 1 
1 0 

612 1 
1 0 

611 1 
1 0 

610 1 
1 0 

609 1 
1 0 

608 1 
1 0 

607 1 
1 0 

606 1 
1 0 

605 1 
1 0 

604 1 
1 0 

603 1 
1 0 

602 1 
5 0 

602 1 
4 0 

602 1 
3 0 

603 1 
5 0 

603 1 
4 0 

603 1 
3 0 

627 1 
2 0 

626 1 
2 0 

625 1 
2 0 

624 1 
2 0 

623 1 
2 0 

622 1 
2 0 

621 1 
2 0 

620 1 
2 0 

619 1 
2 0 

618 1 
2 0 

617 1 
2 0 

616 1 
2 0 

615 1 
2 0 

614 1 
2 0 

613 1 
2 0 

612 1 
2 0 

611 1 
2 0 

610 1 
2 0 

609 1 
2 0 

608 1 
2 0 

607 1 
2 0 

606 1 
2 0 

605 1 
2 0 

627 1 
3 0 

626 1 
3 0 

625 1 
3 0 

624 1 
3 0 

623 1 
3 0 

622 1 
3 0 

621 1 
3 0 

620 1 
3 0 

619 1 
3 0 

618 1 
3 0 

617 1 
3 0 

616 1 
3 0 

615 1 
3 0 

614 1 
3 0 

613 1 
3 0 

612 1 
3 0 

611 1 
3 0 

610 1 
3 0 

609 1 
3 0 

608 1 
3 0 

607 1 
3 0 

606 1 
3 0 

605 1 
3 0 

604 1 
5 0 

605 1 
5 0 

627 1 
4 0 

625 1 
4 0 

623 1 
4 0 

621 1 
4 0 

619 1 
4 0 

617 1 
4 0 

616 1 
4 0 

615 1 
4 0 

613 1 
4 0 

611 1 
4 0 

609 1 
4 0 

608 1 
4 0 

607 1 
4 0 

627 1 
5 0 

626 1 
5 0 

624 1 
5 0 

623 1 
5 0 

622 1 
5 0 

621 1 
5 0 

620 1 
5 0 

619 1 
5 0 

618 1 
5 0 

617 1 
5 0 

616 1 
5 0 

615 1 
5 0 

614 1 
5 0 

613 1 
5 0 

612 1 
5 0 

611 1 
5 0 

610 1 
5 0 

609 1 
5 0 

608 1 
5 0 

607 1 
5 0 

606 1 
5 0 

606 1 
4 0 

605 1 
4 0 

604 1 
4 0 

604 1 
3 0 

604 1 
2 0 

603 1 
2 0 

602 1 
2 0 

602 1 
1 0 

601 1 
1 0 

601 1 
0 0 

600 1 
0 0 

599 1 
0 0 

598 1 
0 0 

597 1 
0 0 

596 1 
0 0 

595 1 
0 0 

594 1 
0 0 

593 1 
0 0 

592 1 
0 0 

591 1 
0 0 

590 1 
0 0 

589 1 
0 0 

588 1 
0 0 

587 1 
0 0 

586 1 
0 0 

585 1 
0 0 

584 1 
0 0 

583 1 
0 0 

582 1 
0 0 

581 1 
0 0 

580 1 
0 0 

579 1 
0 0 

578 1 
0 0 

577 1 
0 0 

576 1 
0 0 

575 1 
0 0 

574 1 
0 0 

573 1 
0 0 

572 1 
0 0 

571 1 
0 0 

570 1 
0 0 

569 1 
0 0 

568 1 
0 0 

567 1 
0 0 

566 1 
0 0 

565 1 
0 0 

564 1 
0 0 

563 1 
0 0 

562 1 
0 0 

561 1 
0 0 

560 1 
0 0 

559 1 
0 0 

558 1 
0 0 

600 1 
2 0 

599 1 
1 0 

598 1 
1 0 

625 1 
5 0 

597 1 
1 0 

596 1 
1 0 

595 1 
1 0 

594 1 
1 0 

593 1 
1 0 

592 1 
1 0 

591 1 
1 0 

590 1 
1 0 

589 1 
1 0 

588 1 
1 0 

587 1 
1 0 

586 1 
1 0 

585 1 
1 0 

584 1 
1 0 

583 1 
1 0 

582 1 
1 0 

581 1 
1 0 

580 1 
1 0 

579 1 
1 0 

578 1 
1 0 

577 1 
1 0 

576 1 
1 0 

575 1 
1 0 

574 1 
1 0 

573 1 
1 0 

572 1 
1 0 

571 1 
1 0 

570 1 
1 0 

569 1 
1 0 

568 1 
1 0 

567 1 
1 0 

566 1 
1 0 

565 1 
1 0 

564 1 
1 0 

563 1 
1 0 

562 1 
1 0 

561 1 
1 0 

560 1 
1 0 

559 1 
1 0 

558 1 
3 0 

559 1 
3 0 

598 1 
2 0 

597 1 
2 0 

596 1 
2 0 

595 1 
2 0 

594 1 
2 0 

593 1 
2 0 

592 1 
2 0 

591 1 
2 0 

590 1 
2 0 

589 1 
2 0 

588 1 
2 0 

587 1 
2 0 

586 1 
2 0 

585 1 
2 0 

584 1 
2 0 

583 1 
2 0 

582 1 
2 0 

581 1 
2 0 

580 1 
2 0 

579 1 
2 0 

578 1 
2 0 

577 1 
2 0 

576 1 
2 0 

575 1 
2 0 

574 1 
2 0 

573 1 
2 0 

572 1 
2 0 

571 1 
2 0 

570 1 
2 0 

569 1 
2 0 

568 1 
2 0 

567 1 
2 0 

566 1 
2 0 

565 1 
2 0 

564 1 
2 0 

563 1 
2 0 

562 1 
2 0 

561 1 
2 0 

599 1 
3 0 

598 1 
3 0 

597 1 
3 0 

596 1 
3 0 

595 1 
3 0 

594 1 
3 0 

593 1 
3 0 

592 1 
3 0 

591 1 
3 0 

590 1 
3 0 

589 1 
3 0 

588 1 
3 0 

587 1 
3 0 

586 1 
3 0 

585 1 
3 0 

584 1 
3 0 

583 1 
3 0 

582 1 
3 0 

581 1 
3 0 

580 1 
3 0 

579 1 
3 0 

578 1 
3 0 

577 1 
3 0 

576 1 
3 0 

575 1 
3 0 

574 1 
3 0 

573 1 
3 0 

572 1 
3 0 

571 1 
3 0 

570 1 
3 0 

569 1 
3 0 

568 1 
3 0 

567 1 
3 0 

566 1 
3 0 

565 1 
3 0 

564 1 
3 0 

563 1 
3 0 

562 1 
3 0 

561 1 
3 0 

560 1 
3 0 

560 1 
2 0 

559 1 
2 0 

558 1 
2 0 

558 1 
1 0 

557 1 
1 0 

557 1 
0 0 

556 1 
0 0 

555 1 
0 0 

554 1 
0 0 

556 1 
2 0 

555 1 
1 0 

554 1 
7 0 

554 1 
5 0 

555 1 
7 0 

555 1 
6 0 

555 1 
5 0 

597 1 
4 0 

595 1 
4 0 

593 1 
4 0 

591 1 
4 0 

589 1 
4 0 

587 1 
4 0 

585 1 
4 0 

583 1 
4 0 

581 1 
4 0 

579 1 
4 0 

577 1 
4 0 

573 1 
4 0 

571 1 
4 0 

569 1 
4 0 

567 1 
4 0 

565 1 
4 0 

563 1 
4 0 

561 1 
4 0 

559 1 
4 0 

557 1 
4 0 

556 1 
7 0 

557 1 
7 0 

557 1 
6 0 

599 1 
5 0 

598 1 
5 0 

597 1 
5 0 

596 1 
5 0 

595 1 
5 0 

594 1 
5 0 

593 1 
5 0 

592 1 
5 0 

591 1 
5 0 

590 1 
5 0 

589 1 
5 0 

588 1 
5 0 

587 1 
5 0 

586 1 
5 0 

585 1 
5 0 

584 1 
5 0 

583 1 
5 0 

582 1 
5 0 

581 1 
5 0 

580 1 
5 0 

579 1 
5 0 

578 1 
5 0 

577 1 
5 0 

576 1 
5 0 

575 1 
5 0 

574 1 
5 0 

573 1 
5 0 

572 1 
5 0 

571 1 
5 0 

570 1 
5 0 

569 1 
5 0 

568 1 
5 0 

567 1 
5 0 

566 1 
5 0 

565 1 
5 0 

564 1 
5 0 

563 1 
5 0 

562 1 
5 0 

561 1 
5 0 

560 1 
5 0 

559 1 
5 0 

627 1 
6 0 

625 1 
6 0 

623 1 
6 0 

621 1 
6 0 

620 1 
6 0 

619 1 
6 0 

617 1 
6 0 

616 1 
6 0 

615 1 
6 0 

613 1 
6 0 

572 1 
4 0 

612 1 
6 0 

611 1 
6 0 

609 1 
6 0 

607 1 
6 0 

605 1 
6 0 

627 1 
7 0 

626 1 
7 0 

625 1 
7 0 

624 1 
7 0 

623 1 
7 0 

622 1 
7 0 

621 1 
7 0 

620 1 
7 0 

619 1 
7 0 

618 1 
7 0 

617 1 
7 0 

616 1 
7 0 

615 1 
7 0 

614 1 
7 0 

613 1 
7 0 

612 1 
7 0 

611 1 
7 0 

610 1 
7 0 

609 1 
7 0 

608 1 
7 0 

607 1 
7 0 

606 1 
7 0 

605 1 
7 0 

604 1 
7 0 

603 1 
7 0 

603 1 
6 0 

601 1 
6 0 

599 1 
6 0 

597 1 
6 0 

596 1 
6 0 

595 1 
6 0 

594 1 
6 0 

593 1 
6 0 

592 1 
6 0 

591 1 
6 0 

590 1 
6 0 

589 1 
6 0 

588 1 
6 0 

587 1 
6 0 

586 1 
6 0 

585 1 
6 0 

584 1 
6 0 

583 1 
6 0 

582 1 
6 0 

581 1 
6 0 

580 1 
6 0 

579 1 
6 0 

578 1 
6 0 

577 1 
6 0 

576 1 
6 0 

575 1 
6 0 

574 1 
6 0 

573 1 
6 0 

571 1 
6 0 

570 1 
6 0 

569 1 
6 0 

568 1 
6 0 

567 1 
6 0 

566 1 
6 0 

565 1 
6 0 

564 1 
6 0 

563 1 
6 0 

562 1 
6 0 

561 1 
6 0 

559 1 
6 0 

601 1 
7 0 

600 1 
7 0 

599 1 
7 0 

598 1 
7 0 

597 1 
7 0 

596 1 
7 0 

595 1 
7 0 

594 1 
7 0 

593 1 
7 0 

592 1 
7 0 

591 1 
7 0 

590 1 
7 0 

589 1 
7 0 

588 1 
7 0 

587 1 
7 0 

586 1 
7 0 

585 1 
7 0 

584 1 
7 0 

583 1 
7 0 

582 1 
7 0 

581 1 
7 0 

580 1 
7 0 

579 1 
7 0 

578 1 
7 0 

577 1 
7 0 

576 1 
7 0 

575 1 
7 0 

574 1 
7 0 

573 1 
7 0 

572 1 
7 0 

571 1 
7 0 

570 1 
7 0 

569 1 
7 0 

568 1 
7 0 

567 1 
7 0 

566 1 
7 0 

565 1 
7 0 

564 1 
7 0 

563 1 
7 0 

562 1 
7 0 

561 1 
7 0 

560 1 
7 0 

559 1 
7 0 

558 1 
7 0 

558 1 
6 0 

558 1 
5 0 

557 1 
5 0 

556 1 
5 0 

555 1 
4 0 

555 1 
3 0 

554 1 
3 0 

554 1 
2 0 

554 1 
1 0 

553 1 
1 0 

553 1 
0 0 

552 1 
0 0 

552 1 
2 0 

551 1 
1 0 

551 1 
0 0 

550 1 
0 0 

550 1 
2 0 

549 1 
1 0 

549 1 
0 0 

548 1 
0 0 

548 1 
2 0 

547 1 
1 0 

547 1 
0 0 

546 1 
0 0 

545 1 
0 0 

544 1 
0 0 

543 1 
0 0 

542 1 
0 0 

546 1 
2 0 

545 1 
1 0 

544 1 
1 0 

543 1 
1 0 

544 1 
4 0 

543 1 
3 0 

546 1 
4 0 

545 1 
3 0 

544 1 
2 0 

543 1 
2 0 

542 1 
2 0 

542 1 
1 0 

541 1 
1 0 

541 1 
0 0 

540 1 
0 0 

540 1 
2 0 

539 1 
1 0 

539 1 
0 0 

538 1 
0 0 

538 1 
2 0 

537 1 
1 0 

537 1 
0 0 

536 1 
0 0 

536 1 
2 0 

535 1 
1 0 

535 1 
0 0 

534 1 
0 0 

534 1 
2 0 

533 1 
1 0 

533 1 
0 0 

532 1 
0 0 

532 1 
2 0 

531 1 
1 0 

531 1 
0 0 

530 1 
0 0 

530 1 
2 0 

529 1 
1 0 

529 1 
0 0 

528 1 
0 0 

528 1 
2 0 

527 1 
1 0 

527 1 
0 0 

526 1 
0 0 

526 1 
2 0 

525 1 
1 0 

525 1 
0 0 

524 1 
0 0 

523 1 
0 0 

522 1 
0 0 

521 1 
0 0 

520 1 
0 0 

519 1 
0 0 

518 1 
0 0 

517 1 
0 0 

516 1 
0 0 

515 1 
0 0 

514 1 
0 0 

513 1 
0 0 

512 1 
0 0 

511 1 
0 0 

510 1 
0 0 

509 1 
0 0 

508 1 
0 0 

507 1 
0 0 

506 1 
0 0 

505 1 
0 0 

504 1 
0 0 

503 1 
0 0 

502 1 
0 0 

501 1 
0 0 

500 1 
0 0 

499 1 
0 0 

498 1 
0 0 

497 1 
0 0 

496 1 
0 0 

495 1 
0 0 

494 1 
0 0 

493 1 
0 0 

492 1 
0 0 

491 1 
0 0 

490 1 
0 0 

489 1 
0 0 

488 1 
0 0 

487 1 
0 0 

486 1 
0 0 

485 1 
0 0 

484 1 
0 0 

483 1 
0 0 

482 1 
0 0 

524 1 
2 0 

523 1 
1 0 

522 1 
1 0 

521 1 
1 0 

520 1 
1 0 

519 1 
1 0 

518 1 
1 0 

517 1 
1 0 

516 1 
1 0 

515 1 
1 0 

514 1 
1 0 

513 1 
1 0 

512 1 
1 0 

511 1 
1 0 

510 1 
1 0 

509 1 
1 0 

508 1 
1 0 

507 1 
1 0 

506 1 
1 0 

505 1 
1 0 

504 1 
1 0 

503 1 
1 0 

502 1 
1 0 

501 1 
1 0 

500 1 
1 0 

499 1 
1 0 

498 1 
1 0 

497 1 
1 0 

496 1 
1 0 

495 1 
1 0 

494 1 
1 0 

493 1 
1 0 

492 1 
1 0 

491 1 
1 0 

490 1 
1 0 

489 1 
1 0 

488 1 
1 0 

487 1 
1 0 

486 1 
1 0 

485 1 
1 0 

484 1 
1 0 

483 1 
1 0 

483 1 
3 0 

524 1 
4 0 

523 1 
3 0 

522 1 
2 0 

521 1 
2 0 

520 1 
2 0 

519 1 
2 0 

518 1 
2 0 

516 1 
2 0 

515 1 
2 0 

514 1 
2 0 

513 1 
2 0 

512 1 
2 0 

522 1 
4 0 

521 1 
3 0 

520 1 
3 0 

519 1 
3 0 

518 1 
3 0 

517 1 
3 0 

516 1 
3 0 

515 1 
3 0 

514 1 
3 0 

513 1 
3 0 

521 1 
5 0 

520 1 
4 0 

519 1 
4 0 

517 1 
4 0 

516 1 
4 0 

515 1 
4 0 

514 1 
4 0 

513 1 
4 0 

519 1 
5 0 

518 1 
5 0 

517 1 
5 0 

516 1 
5 0 

515 1 
5 0 

514 1 
5 0 

513 1 
7 0 

519 1 
7 0 

517 1 
7 0 

517 1 
6 0 

515 1 
7 0 

515 1 
6 0 

513 1 
6 0 

513 1 
5 0 

512 1 
5 0 

512 1 
4 0 

512 1 
3 0 

511 1 
3 0 

511 1 
2 0 

510 1 
2 0 

509 1 
2 0 

508 1 
2 0 

507 1 
2 0 

506 1 
2 0 

505 1 
2 0 

504 1 
2 0 

503 1 
2 0 

502 1 
2 0 

501 1 
2 0 

500 1 
2 0 

499 1 
2 0 

497 1 
2 0 

495 1 
2 0 

494 1 
2 0 

493 1 
2 0 

492 1 
2 0 

491 1 
2 0 

490 1 
2 0 

489 1 
2 0 

488 1 
2 0 

487 1 
2 0 

485 1 
2 0 

510 1 
4 0 

509 1 
3 0 

508 1 
3 0 

507 1 
3 0 

506 1 
3 0 

505 1 
3 0 

504 1 
3 0 

503 1 
3 0 

502 1 
3 0 

501 1 
3 0 

500 1 
3 0 

518 1 
4 0 

499 1 
3 0 

498 1 
3 0 

497 1 
3 0 

496 1 
3 0 

495 1 
3 0 

494 1 
3 0 

493 1 
3 0 

492 1 
3 0 

491 1 
3 0 

490 1 
3 0 

489 1 
3 0 

488 1 
3 0 

487 1 
3 0 

486 1 
3 0 

485 1 
3 0 

484 1 
7 0 

592 1 
4 0 

484 1 
6 0 

484 1 
5 0 

509 1 
5 0 

508 1 
4 0 

507 1 
4 0 

506 1 
4 0 

505 1 
4 0 

504 1 
4 0 

503 1 
4 0 

502 1 
4 0 

501 1 
4 0 

500 1 
4 0 

499 1 
4 0 

498 1 
4 0 

497 1 
4 0 

496 1 
4 0 

495 1 
4 0 

494 1 
4 0 

493 1 
4 0 

492 1 
4 0 

491 1 
4 0 

490 1 
4 0 

489 1 
4 0 

488 1 
4 0 

487 1 
4 0 

486 1 
4 0 

507 1 
5 0 

506 1 
5 0 

505 1 
5 0 

504 1 
5 0 

503 1 
5 0 

502 1 
5 0 

501 1 
5 0 

500 1 
5 0 

499 1 
5 0 

498 1 
5 0 

497 1 
5 0 

496 1 
5 0 

495 1 
5 0 

494 1 
5 0 

493 1 
5 0 

492 1 
5 0 

491 1 
5 0 

490 1 
5 0 

517 1 
2 0 

489 1 
5 0 

488 1 
5 0 

487 1 
5 0 

486 1 
5 0 

485 1 
7 0 

507 1 
7 0 

505 1 
6 0 

503 1 
6 0 

501 1 
6 0 

499 1 
6 0 

497 1 
6 0 

495 1 
6 0 

493 1 
6 0 

491 1 
6 0 

489 1 
6 0 

488 1 
6 0 

487 1 
6 0 

505 1 
7 0 

504 1 
7 0 

503 1 
7 0 

502 1 
7 0 

501 1 
7 0 

500 1 
7 0 

499 1 
7 0 

498 1 
7 0 

497 1 
7 0 

496 1 
7 0 

495 1 
7 0 

494 1 
7 0 

493 1 
7 0 

492 1 
7 0 

491 1 
7 0 

490 1 
7 0 

489 1 
7 0 

488 1 
7 0 

487 1 
7 0 

486 1 
7 0 

486 1 
6 0 

485 1 
6 0 

485 1 
5 0 

485 1 
4 0 

484 1 
3 0 

484 1 
2 0 

483 1 
2 0 

482 1 
1 0 

481 1 
1 0 

481 1 
0 0 

480 1 
0 0 

479 1 
1 0 

479 1 
0 0 

478 1 
0 0 

614 1 
4 0 

478 1 
2 0 

477 1 
1 0 

477 1 
0 0 

476 1 
0 0 

475 1 
1 0 

475 1 
0 0 

474 1 
0 0 

473 1 
1 0 

473 1 
0 0 

472 1 
0 0 

471 1 
1 0 

471 1 
0 0 

470 1 
0 0 

469 1 
1 0 

469 1 
0 0 

468 1 
0 0 

467 1 
1 0 

467 1 
0 0 

466 1 
0 0 

465 1 
1 0 

465 1 
0 0 

464 1 
0 0 

484 1 
4 0 

464 1 
2 0 

463 1 
1 0 

463 1 
0 0 

462 1 
0 0 

461 1 
1 0 

461 1 
0 0 

460 1 
0 0 

459 1 
1 0 

459 1 
0 0 

458 1 
0 0 

458 1 
2 0 

457 1 
1 0 

457 1 
0 0 

456 1 
0 0 

455 1 
1 0 

455 1 
0 0 

454 1 
0 0 

453 1 
1 0 

453 1 
0 0 

452 1 
0 0 

451 1 
1 0 

451 1 
0 0 

450 1 
0 0 

449 1 
1 0 

449 1 
0 0 

448 1 
0 0 

447 1 
1 0 

447 1 
0 0 

446 1 
0 0 

445 1 
1 0 

445 1 
0 0 

444 1 
0 0 

443 1 
1 0 

443 1 
0 0 

442 1 
0 0 

441 1 
1 0 

441 1 
0 0 

440 1 
0 0 

439 1 
1 0 

439 1 
0 0 

438 1 
0 0 

437 1 
1 0 

437 1 
0 0 

436 1 
0 0 

435 1 
1 0 

435 1 
0 0 

434 1 
0 0 

433 1 
1 0 

433 1 
0 0 

432 1 
0 0 

431 1 
1 0 

431 1 
0 0 

430 1 
0 0 

429 1 
1 0 

429 1 
0 0 

428 1 
0 0 

427 1 
1 0 

427 1 
0 0 

426 1 
0 0 

425 1 
1 0 

425 1 
0 0 

424 1 
0 0 

423 1 
1 0 

423 1 
0 0 

422 1 
0 0 

421 1 
1 0 

421 1 
0 0 

420 1 
0 0 

419 1 
1 0 

419 1 
0 0 

417 1 
1 0 

417 1 
0 0 

416 1 
0 0 

415 1 
1 0 

415 1 
0 0 

414 1 
0 0 

413 1 
1 0 

413 1 
0 0 

412 1 
0 0 

411 1 
1 0 

411 1 
0 0 

410 1 
0 0 

410 1 
2 0 

409 1 
1 0 

409 1 
0 0 

408 1 
0 0 

407 1 
1 0 

407 1 
0 0 

406 1 
0 0 

405 1 
1 0 

405 1 
0 0 

404 1 
0 0 

403 1 
1 0 

403 1 
0 0 

402 1 
0 0 

401 1 
1 0 

401 1 
0 0 

400 1 
0 0 

399 1 
1 0 

399 1 
0 0 

398 1 
0 0 

397 1 
1 0 

397 1 
0 0 

396 1 
0 0 

395 1 
1 0 

395 1 
0 0 

394 1 
0 0 

393 1 
1 0 

393 1 
0 0 

392 1 
0 0 

391 1 
1 0 

391 1 
0 0 

390 1 
0 0 

389 1 
1 0 

389 1 
0 0 

388 1 
0 0 

387 1 
1 0 

387 1 
0 0 

386 1 
0 0 

385 1 
1 0 

385 1 
0 0 

384 1 
0 0 

383 1 
1 0 

383 1 
0 0 

382 1 
0 0 

381 1 
0 0 

380 1 
0 0 

381 1 
1 0 

560 1 
6 0 

382 1 
4 0 

381 1 
3 0 

612 1 
4 0 

380 1 
2 0 

380 1 
1 0 

379 1 
1 0 

379 1 
0 0 

378 1 
0 0 

377 1 
0 0 

376 1 
0 0 

375 1 
0 0 

374 1 
0 0 

373 1 
0 0 

372 1 
0 0 

371 1 
0 0 

370 1 
0 0 

369 1 
0 0 

368 1 
0 0 

367 1 
0 0 

366 1 
0 0 

365 1 
0 0 

364 1 
0 0 

363 1 
0 0 

362 1 
0 0 

361 1 
0 0 

360 1 
0 0 

359 1 
0 0 

358 1 
0 0 

357 1 
0 0 

356 1 
0 0 

355 1 
0 0 

354 1 
0 0 

353 1 
0 0 

352 1 
0 0 

351 1 
0 0 

350 1 
0 0 

349 1 
0 0 

348 1 
0 0 

347 1 
0 0 

346 1 
0 0 

345 1 
0 0 

344 1 
0 0 

343 1 
0 0 

342 1 
0 0 

341 1 
0 0 

340 1 
0 0 

339 1 
0 0 

338 1 
0 0 

337 1 
0 0 

336 1 
0 0 

335 1 
0 0 

334 1 
0 0 

333 1 
0 0 

332 1 
0 0 

331 1 
0 0 

330 1 
0 0 

329 1 
0 0 

328 1 
0 0 

327 1 
0 0 

326 1 
0 0 

325 1 
0 0 

324 1 
0 0 

323 1 
0 0 

322 1 
0 0 

321 1 
0 0 

320 1 
0 0 

319 1 
0 0 

318 1 
0 0 

317 1 
0 0 

316 1 
0 0 

315 1 
0 0 

314 1 
0 0 

313 1 
0 0 

312 1 
0 0 

311 1 
0 0 

310 1 
0 0 

309 1 
0 0 

308 1 
0 0 

307 1 
0 0 

306 1 
0 0 

305 1 
0 0 

304 1 
0 0 

303 1 
0 0 

302 1 
0 0 

301 1 
0 0 

300 1 
0 0 

299 1 
0 0 

298 1 
0 0 

297 1 
0 0 

296 1 
0 0 

295 1 
0 0 

294 1 
0 0 

293 1 
0 0 

292 1 
0 0 

291 1 
0 0 

290 1 
0 0 

289 1 
0 0 

288 1 
0 0 

287 1 
0 0 

286 1 
0 0 

285 1 
0 0 

284 1 
0 0 

283 1 
0 0 

282 1 
0 0 

280 1 
0 0 

279 1 
0 0 

278 1 
0 0 

277 1 
0 0 

276 1 
0 0 

275 1 
0 0 

274 1 
0 0 

273 1 
0 0 

272 1 
0 0 

271 1 
0 0 

270 1 
0 0 

269 1 
0 0 

268 1 
0 0 

267 1 
0 0 

266 1 
0 0 

265 1 
0 0 

264 1 
0 0 

263 1 
0 0 

262 1 
0 0 

261 1 
0 0 

260 1 
0 0 

259 1 
0 0 

258 1 
0 0 

257 1 
0 0 

256 1 
0 0 

255 1 
0 0 

254 1 
0 0 

253 1 
0 0 

252 1 
0 0 

251 1 
0 0 

250 1 
0 0 

249 1 
0 0 

248 1 
0 0 

247 1 
0 0 

246 1 
0 0 

245 1 
0 0 

244 1 
0 0 

243 1 
0 0 

242 1 
0 0 

241 1 
0 0 

240 1 
0 0 

239 1 
0 0 

238 1 
0 0 

237 1 
0 0 

236 1 
0 0 

235 1 
0 0 

234 1 
0 0 

233 1 
0 0 

232 1 
0 0 

231 1 
0 0 

230 1 
0 0 

229 1 
0 0 

228 1 
0 0 

227 1 
0 0 

226 1 
0 0 

225 1 
0 0 

224 1 
0 0 

223 1 
0 0 

222 1 
0 0 

221 1 
0 0 

220 1 
0 0 

219 1 
0 0 

218 1 
0 0 

217 1 
0 0 

216 1 
0 0 

214 1 
0 0 

213 1 
0 0 

212 1 
0 0 

211 1 
0 0 

210 1 
0 0 

209 1 
0 0 

208 1 
0 0 

207 1 
0 0 

206 1 
0 0 

205 1 
0 0 

204 1 
0 0 

203 1 
0 0 

202 1 
0 0 

201 1 
0 0 

200 1 
0 0 

199 1 
0 0 

198 1 
0 0 

197 1 
0 0 

196 1 
0 0 

195 1 
0 0 

194 1 
0 0 

193 1 
0 0 

192 1 
0 0 

191 1 
0 0 

190 1 
0 0 

189 1 
0 0 

188 1 
0 0 

186 1 
0 0 

185 1 
0 0 

184 1 
0 0 

183 1 
0 0 

182 1 
0 0 

181 1 
0 0 

180 1 
0 0 

179 1 
0 0 

178 1 
0 0 

177 1 
0 0 

176 1 
0 0 

175 1 
0 0 

174 1 
0 0 

173 1 
0 0 

172 1 
0 0 

171 1 
0 0 

170 1 
0 0 

169 1 
0 0 

168 1 
0 0 

167 1 
0 0 

166 1 
0 0 

165 1 
0 0 

164 1 
0 0 

163 1 
0 0 

162 1 
0 0 

161 1 
0 0 

160 1 
0 0 

159 1 
0 0 

158 1 
0 0 

157 1 
0 0 

156 1 
0 0 

155 1 
0 0 

154 1 
0 0 

153 1 
0 0 

152 1 
0 0 

151 1 
0 0 

150 1 
0 0 

149 1 
0 0 

148 1 
0 0 

147 1 
0 0 

146 1 
0 0 

144 1 
0 0 

143 1 
0 0 

142 1 
0 0 

141 1 
0 0 

140 1 
0 0 

139 1 
0 0 

138 1 
0 0 

137 1 
0 0 

136 1 
0 0 

135 1 
0 0 

134 1 
0 0 

133 1 
0 0 

132 1 
0 0 

131 1 
0 0 

130 1 
0 0 

129 1 
0 0 

128 1 
0 0 

127 1 
0 0 

126 1 
0 0 

125 1 
0 0 

124 1 
0 0 

123 1 
0 0 

122 1 
0 0 

121 1 
0 0 

120 1 
0 0 

119 1 
0 0 

118 1 
0 0 

117 1 
0 0 

116 1 
0 0 

115 1 
0 0 

114 1 
0 0 

113 1 
0 0 

112 1 
0 0 

111 1 
0 0 

110 1 
0 0 

109 1 
0 0 

108 1 
0 0 

107 1 
0 0 

106 1 
0 0 

105 1 
0 0 

104 1 
0 0 

103 1 
0 0 

102 1 
0 0 

101 1 
0 0 

100 1 
0 0 

99 1 
0 0 

98 1 
0 0 

97 1 
0 0 

96 1 
0 0 

95 1 
0 0 

94 1 
0 0 

93 1 
0 0 

92 1 
0 0 

91 1 
0 0 

90 1 
0 0 

89 1 
0 0 

88 1 
0 0 

87 1 
0 0 

86 1 
0 0 

85 1 
0 0 

84 1 
0 0 

83 1 
0 0 

82 1 
0 0 

81 1 
0 0 

80 1 
0 0 

79 1 
0 0 

77 1 
0 0 

76 1 
0 0 

75 1 
0 0 

74 1 
0 0 

73 1 
0 0 

72 1 
0 0 

71 1 
0 0 

70 1 
0 0 

69 1 
0 0 

68 1 
0 0 

67 1 
0 0 

66 1 
0 0 

65 1 
0 0 

64 1 
0 0 

63 1 
0 0 

62 1 
0 0 

61 1 
0 0 

60 1 
0 0 

59 1 
0 0 

58 1 
0 0 

57 1 
0 0 

56 1 
0 0 

55 1 
0 0 

54 1 
0 0 

53 1 
0 0 

52 1 
0 0 

51 1 
0 0 

50 1 
0 0 

49 1 
0 0 

48 1 
0 0 

47 1 
0 0 

46 1 
0 0 

45 1 
0 0 

44 1 
0 0 

43 1 
0 0 

42 1 
0 0 

41 1 
0 0 

40 1 
0 0 

39 1 
0 0 

38 1 
0 0 

37 1 
0 0 

36 1 
0 0 

35 1 
0 0 

34 1 
0 0 

33 1 
0 0 

32 1 
0 0 

31 1 
0 0 

30 1 
0 0 

29 1 
0 0 

28 1 
0 0 

27 1 
0 0 

26 1 
0 0 

25 1 
0 0 

24 1 
0 0 

23 1 
0 0 

22 1 
0 0 

21 1 
0 0 

20 1 
0 0 

19 1 
0 0 

18 1 
0 0 

17 1 
0 0 

16 1 
0 0 

15 1 
0 0 

14 1 
0 0 

13 1 
0 0 

12 1 
0 0 

11 1 
0 0 

10 1 
0 0 

9 1 
0 0 

8 1 
0 0 

7 1 
0 0 

6 1 
0 0 

5 1 
0 0 

4 1 
0 0 

3 1 
0 0 

2 1 
0 0 

1 1 
7 0 

1 1 
6 0 

1 1 
5 0 

1 1 
4 0 

1 1 
3 0 

1 1 
2 0 

377 1 
1 0 

376 1 
1 0 

375 1 
1 0 

374 1 
1 0 

373 1 
1 0 

372 1 
1 0 

371 1 
1 0 

370 1 
1 0 

369 1 
1 0 

368 1 
1 0 

367 1 
1 0 

366 1 
1 0 

365 1 
1 0 

364 1 
1 0 

363 1 
1 0 

362 1 
1 0 

361 1 
1 0 

360 1 
1 0 

359 1 
1 0 

358 1 
1 0 

357 1 
1 0 

356 1 
1 0 

355 1 
1 0 

354 1 
1 0 

353 1 
1 0 

352 1 
1 0 

351 1 
1 0 

350 1 
1 0 

349 1 
1 0 

348 1 
1 0 

347 1 
1 0 

346 1 
1 0 

345 1 
1 0 

344 1 
1 0 

343 1 
1 0 

342 1 
1 0 

341 1 
1 0 

340 1 
1 0 

339 1 
1 0 

338 1 
1 0 

337 1 
1 0 

336 1 
1 0 

335 1 
1 0 

334 1 
1 0 

333 1 
1 0 

332 1 
1 0 

331 1 
1 0 

330 1 
1 0 

329 1 
1 0 

328 1 
1 0 

327 1 
1 0 

326 1 
1 0 

325 1 
1 0 

324 1 
1 0 

323 1 
1 0 

322 1 
1 0 

321 1 
1 0 

320 1 
1 0 

319 1 
1 0 

318 1 
1 0 

317 1 
1 0 

316 1 
1 0 

315 1 
1 0 

314 1 
1 0 

313 1 
1 0 

312 1 
1 0 

311 1 
1 0 

310 1 
1 0 

309 1 
1 0 

308 1 
1 0 

307 1 
1 0 

306 1 
1 0 

305 1 
1 0 

304 1 
1 0 

303 1 
1 0 

302 1 
1 0 

301 1 
1 0 

300 1 
1 0 

299 1 
1 0 

298 1 
1 0 

297 1 
1 0 

296 1 
1 0 

295 1 
1 0 

294 1 
1 0 

293 1 
1 0 

292 1 
1 0 

291 1 
1 0 

290 1 
1 0 

289 1 
1 0 

288 1 
1 0 

287 1 
1 0 

286 1 
1 0 

285 1 
1 0 

284 1 
1 0 

283 1 
1 0 

282 1 
1 0 

281 1 
1 0 

280 1 
1 0 

279 1 
1 0 

278 1 
1 0 

277 1 
1 0 

276 1 
1 0 

275 1 
1 0 

274 1 
1 0 

273 1 
1 0 

272 1 
1 0 

271 1 
1 0 

270 1 
1 0 

269 1 
1 0 

268 1 
1 0 

267 1 
1 0 

266 1 
1 0 

265 1 
1 0 

264 1 
1 0 

263 1 
1 0 

262 1 
1 0 

261 1 
1 0 

260 1 
1 0 

259 1 
1 0 

258 1 
1 0 

257 1 
1 0 

256 1 
1 0 

255 1 
1 0 

254 1 
1 0 

253 1 
1 0 

252 1 
1 0 

251 1 
1 0 

250 1 
1 0 

248 1 
1 0 

247 1 
1 0 

246 1 
1 0 

245 1 
1 0 

244 1 
1 0 

243 1 
1 0 

242 1 
1 0 

241 1 
1 0 

240 1 
1 0 

239 1 
1 0 

238 1 
1 0 

237 1 
1 0 

236 1 
1 0 

235 1 
1 0 

234 1 
1 0 

233 1 
1 0 

232 1 
1 0 

231 1 
1 0 

230 1 
1 0 

229 1 
1 0 

228 1 
1 0 

227 1 
1 0 

226 1 
1 0 

225 1 
1 0 

224 1 
1 0 

223 1 
1 0 

222 1 
1 0 

221 1 
1 0 

220 1 
1 0 

219 1 
1 0 

218 1 
1 0 

217 1 
1 0 

216 1 
1 0 

215 1 
1 0 

214 1 
1 0 

213 1 
1 0 

212 1 
1 0 

211 1 
1 0 

210 1 
1 0 

209 1 
1 0 

208 1 
1 0 

207 1 
1 0 

206 1 
1 0 

205 1 
1 0 

204 1 
1 0 

203 1 
1 0 

202 1 
1 0 

201 1 
1 0 

200 1 
1 0 

199 1 
1 0 

198 1 
1 0 

197 1 
1 0 

196 1 
1 0 

195 1 
1 0 

194 1 
1 0 

193 1 
1 0 

192 1 
1 0 

191 1 
1 0 

190 1 
1 0 

189 1 
1 0 

188 1 
1 0 

187 1 
1 0 

186 1 
1 0 

185 1 
1 0 

184 1 
1 0 

183 1 
1 0 

182 1 
1 0 

181 1 
1 0 

180 1 
1 0 

178 1 
1 0 

177 1 
1 0 

176 1 
1 0 

174 1 
1 0 

173 1 
1 0 

172 1 
1 0 

171 1 
1 0 

170 1 
1 0 

169 1 
1 0 

168 1 
1 0 

167 1 
1 0 

166 1 
1 0 

165 1 
1 0 

164 1 
1 0 

163 1 
1 0 

162 1 
1 0 

161 1 
1 0 

160 1 
1 0 

159 1 
1 0 

158 1 
1 0 

157 1 
1 0 

156 1 
1 0 

155 1 
1 0 

154 1 
1 0 

153 1 
1 0 

152 1 
1 0 

151 1 
1 0 

150 1 
1 0 

149 1 
1 0 

148 1 
1 0 

147 1 
1 0 

146 1 
1 0 

145 1 
1 0 

144 1 
1 0 

143 1 
1 0 

142 1 
1 0 

141 1 
1 0 

140 1 
1 0 

139 1 
1 0 

138 1 
1 0 

137 1 
1 0 

136 1 
1 0 

135 1 
1 0 

134 1 
1 0 

133 1 
1 0 

132 1 
1 0 

131 1 
1 0 

130 1 
1 0 

129 1 
1 0 

128 1 
1 0 

127 1 
1 0 

126 1 
1 0 

125 1 
1 0 

124 1 
1 0 

123 1 
1 0 

121 1 
1 0 

120 1 
1 0 

119 1 
1 0 

118 1 
1 0 

117 1 
1 0 

116 1 
1 0 

115 1 
1 0 

114 1 
1 0 

113 1 
1 0 

112 1 
1 0 

111 1 
1 0 

110 1 
1 0 

109 1 
1 0 

108 1 
1 0 

107 1 
1 0 

106 1 
1 0 

105 1 
1 0 

104 1 
1 0 

103 1 
1 0 

102 1 
1 0 

101 1 
1 0 

100 1 
1 0 

99 1 
1 0 

98 1 
1 0 

97 1 
1 0 

96 1 
1 0 

95 1 
1 0 

94 1 
1 0 

93 1 
1 0 

92 1 
1 0 

91 1 
1 0 

90 1 
1 0 

89 1 
1 0 

88 1 
1 0 

87 1 
1 0 

86 1 
1 0 

85 1 
1 0 

84 1 
1 0 

83 1 
1 0 

82 1 
1 0 

81 1 
1 0 

80 1 
1 0 

79 1 
1 0 

78 1 
1 0 

77 1 
1 0 

76 1 
1 0 

75 1 
1 0 

74 1 
1 0 

73 1 
1 0 

72 1 
1 0 

71 1 
1 0 

70 1 
1 0 

69 1 
1 0 

68 1 
1 0 

67 1 
1 0 

66 1 
1 0 

65 1 
1 0 

64 1 
1 0 

63 1 
1 0 

62 1 
1 0 

61 1 
1 0 

60 1 
1 0 

59 1 
1 0 

58 1 
1 0 

57 1 
1 0 

56 1 
1 0 

55 1 
1 0 

54 1 
1 0 

122 1 
1 0 

53 1 
1 0 

52 1 
1 0 

51 1 
1 0 

50 1 
1 0 

49 1 
1 0 

48 1 
1 0 

47 1 
1 0 

46 1 
1 0 

45 1 
1 0 

44 1 
1 0 

43 1 
1 0 

42 1 
1 0 

41 1 
1 0 

40 1 
1 0 

39 1 
1 0 

38 1 
1 0 

37 1 
1 0 

36 1 
1 0 

35 1 
1 0 

34 1 
1 0 

33 1 
1 0 

32 1 
1 0 

31 1 
1 0 

30 1 
1 0 

29 1 
1 0 

28 1 
1 0 

27 1 
1 0 

26 1 
1 0 

25 1 
1 0 

24 1 
1 0 

23 1 
1 0 

22 1 
1 0 

21 1 
1 0 

20 1 
1 0 

19 1 
1 0 

18 1 
1 0 

17 1 
1 0 

16 1 
1 0 

15 1 
1 0 

14 1 
1 0 

13 1 
1 0 

12 1 
1 0 

11 1 
1 0 

10 1 
1 0 

9 1 
1 0 

8 1 
1 0 

7 1 
1 0 

6 1 
1 0 

5 1 
1 0 

4 1 
1 0 

3 1 
1 0 

2 1 
7 0 

596 1 
4 0 

2 1 
6 0 

2 1 
5 0 

408 1 
2 0 

2 1 
4 0 

2 1 
3 0 

3 1 
7 0 

3 1 
6 0 

3 1 
5 0 

3 1 
4 0 

3 1 
3 0 

572 1 
6 0 

378 1 
4 0 

377 1 
3 0 

375 1 
2 0 

374 1 
2 0 

600 1 
6 0 

376 1 
4 0 

375 1 
3 0 

376 1 
6 0 

375 1 
5 0 

556 1 
6 0 

374 1 
4 0 

374 1 
3 0 

373 1 
3 0 

373 1 
2 0 

372 1 
2 0 

371 1 
2 0 

369 1 
2 0 

368 1 
2 0 

367 1 
2 0 

365 1 
2 0 

363 1 
2 0 

360 1 
2 0 

359 1 
2 0 

358 1 
2 0 

357 1 
2 0 

356 1 
2 0 

355 1 
2 0 

354 1 
2 0 

353 1 
2 0 

352 1 
2 0 

351 1 
2 0 

350 1 
2 0 

349 1 
2 0 

348 1 
2 0 

347 1 
2 0 

346 1 
2 0 

345 1 
2 0 

344 1 
2 0 

343 1 
2 0 

341 1 
2 0 

340 1 
2 0 

339 1 
2 0 

338 1 
2 0 

337 1 
2 0 

336 1 
2 0 

335 1 
2 0 

334 1 
2 0 

333 1 
2 0 

332 1 
2 0 

331 1 
2 0 

330 1 
2 0 

329 1 
2 0 

328 1 
2 0 

327 1 
2 0 

326 1 
2 0 

325 1 
2 0 

324 1 
2 0 

323 1 
2 0 

322 1 
2 0 

321 1 
2 0 

320 1 
2 0 

319 1 
2 0 

318 1 
2 0 

317 1 
2 0 

316 1 
2 0 

315 1 
2 0 

314 1 
2 0 

313 1 
2 0 

311 1 
2 0 

310 1 
2 0 

309 1 
2 0 

307 1 
2 0 

305 1 
2 0 

303 1 
2 0 

301 1 
2 0 

300 1 
2 0 

299 1 
2 0 

298 1 
2 0 

297 1 
2 0 

296 1 
2 0 

295 1 
2 0 

294 1 
2 0 

293 1 
2 0 

292 1 
2 0 

291 1 
2 0 

290 1 
2 0 

289 1 
2 0 

288 1 
2 0 

287 1 
2 0 

286 1 
2 0 

285 1 
2 0 

284 1 
2 0 

283 1 
2 0 

282 1 
2 0 

281 1 
2 0 

280 1 
2 0 

279 1 
2 0 

278 1 
2 0 

277 1 
2 0 

276 1 
2 0 

275 1 
2 0 

274 1 
2 0 

273 1 
2 0 

272 1 
2 0 

271 1 
2 0 

270 1 
2 0 

269 1 
2 0 

268 1 
2 0 

267 1 
2 0 

266 1 
2 0 

265 1 
2 0 

264 1 
2 0 

263 1 
2 0 

262 1 
2 0 

261 1 
2 0 

260 1 
2 0 

259 1 
2 0 

258 1 
2 0 

257 1 
2 0 

256 1 
2 0 

254 1 
2 0 

253 1 
2 0 

252 1 
2 0 

251 1 
2 0 

250 1 
2 0 

249 1 
2 0 

248 1 
2 0 

247 1 
2 0 

246 1 
2 0 

245 1 
2 0 

244 1 
2 0 

243 1 
2 0 

242 1 
2 0 

241 1 
2 0 

240 1 
2 0 

239 1 
2 0 

238 1 
2 0 

237 1 
2 0 

236 1 
2 0 

235 1 
2 0 

234 1 
2 0 

233 1 
2 0 

232 1 
2 0 

231 1 
2 0 

230 1 
2 0 

229 1 
2 0 

228 1 
2 0 

227 1 
2 0 

226 1 
2 0 

225 1 
2 0 

223 1 
2 0 

222 1 
2 0 

221 1 
2 0 

220 1 
2 0 

219 1 
2 0 

218 1 
2 0 

217 1 
2 0 

216 1 
2 0 

215 1 
2 0 

214 1 
2 0 

213 1 
2 0 

212 1 
2 0 

211 1 
2 0 

210 1 
2 0 

209 1 
2 0 

208 1 
2 0 

207 1 
2 0 

206 1 
2 0 

205 1 
2 0 

204 1 
2 0 

203 1 
2 0 

202 1 
2 0 

201 1 
2 0 

200 1 
2 0 

199 1 
2 0 

198 1 
2 0 

197 1 
2 0 

196 1 
2 0 

195 1 
2 0 

194 1 
2 0 

193 1 
2 0 

192 1 
2 0 

191 1 
2 0 

190 1 
2 0 

189 1 
2 0 

188 1 
2 0 

187 1 
2 0 

186 1 
2 0 

185 1 
2 0 

184 1 
2 0 

183 1 
2 0 

182 1 
2 0 

181 1 
2 0 

179 1 
2 0 

177 1 
2 0 

175 1 
2 0 

173 1 
2 0 

171 1 
2 0 

169 1 
2 0 

167 1 
2 0 

165 1 
2 0 

163 1 
2 0 

161 1 
2 0 

159 1 
2 0 

157 1 
2 0 

155 1 
2 0 

153 1 
2 0 

151 1 
2 0 

149 1 
2 0 

147 1 
2 0 

145 1 
2 0 

143 1 
2 0 

141 1 
2 0 

139 1 
2 0 

137 1 
2 0 

135 1 
2 0 

133 1 
2 0 

131 1 
2 0 

130 1 
2 0 

129 1 
2 0 

128 1 
2 0 

127 1 
2 0 

125 1 
2 0 

124 1 
2 0 

123 1 
2 0 

122 1 
2 0 

121 1 
2 0 

120 1 
2 0 

119 1 
2 0 

118 1 
2 0 

117 1 
2 0 

116 1 
2 0 

115 1 
2 0 

114 1 
2 0 

113 1 
2 0 

112 1 
2 0 

111 1 
2 0 

110 1 
2 0 

109 1 
2 0 

108 1 
2 0 

107 1 
2 0 

106 1 
2 0 

105 1 
2 0 

104 1 
2 0 

103 1 
2 0 

102 1 
2 0 

101 1 
2 0 

100 1 
2 0 

99 1 
2 0 

98 1 
2 0 

97 1 
2 0 

96 1 
2 0 

95 1 
2 0 

94 1 
2 0 

93 1 
2 0 

92 1 
2 0 

91 1 
2 0 

90 1 
2 0 

89 1 
2 0 

88 1 
2 0 

87 1 
2 0 

86 1 
2 0 

85 1 
2 0 

84 1 
2 0 

83 1 
2 0 

82 1 
2 0 

81 1 
2 0 

80 1 
2 0 

79 1 
2 0 

78 1 
2 0 

77 1 
2 0 

76 1 
2 0 

75 1 
2 0 

74 1 
2 0 

73 1 
2 0 

72 1 
2 0 

71 1 
2 0 

70 1 
2 0 

69 1 
2 0 

68 1 
2 0 

67 1 
2 0 

66 1 
2 0 

64 1 
2 0 

63 1 
2 0 

62 1 
2 0 

61 1 
2 0 

60 1 
2 0 

224 1 
2 0 

59 1 
2 0 

58 1 
2 0 

57 1 
2 0 

56 1 
2 0 

55 1 
2 0 

54 1 
2 0 

53 1 
2 0 

65 1 
2 0 

52 1 
2 0 

51 1 
2 0 

50 1 
2 0 

49 1 
2 0 

48 1 
2 0 

47 1 
2 0 

46 1 
2 0 

45 1 
2 0 

44 1 
2 0 

43 1 
2 0 

42 1 
2 0 

41 1 
2 0 

40 1 
2 0 

39 1 
2 0 

38 1 
2 0 

37 1 
2 0 

36 1 
2 0 

35 1 
2 0 

34 1 
2 0 

33 1 
2 0 

32 1 
2 0 

31 1 
2 0 

30 1 
2 0 

29 1 
2 0 

28 1 
2 0 

27 1 
2 0 

26 1 
2 0 

25 1 
2 0 

24 1 
2 0 

23 1 
2 0 

22 1 
2 0 

21 1 
2 0 

20 1 
2 0 

19 1 
2 0 

18 1 
2 0 

17 1 
2 0 

16 1 
2 0 

15 1 
2 0 

14 1 
2 0 

13 1 
2 0 

12 1 
2 0 

11 1 
2 0 

10 1 
2 0 

9 1 
2 0 

8 1 
2 0 

7 1 
2 0 

6 1 
2 0 

5 1 
2 0 

372 1 
4 0 

371 1 
3 0 

370 1 
3 0 

369 1 
3 0 

368 1 
3 0 

367 1 
3 0 

366 1 
3 0 

365 1 
3 0 

364 1 
3 0 

363 1 
3 0 

362 1 
3 0 

361 1 
3 0 

360 1 
3 0 

359 1 
3 0 

358 1 
3 0 

357 1 
3 0 

356 1 
3 0 

355 1 
3 0 

354 1 
3 0 

353 1 
3 0 

352 1 
3 0 

351 1 
3 0 

350 1 
3 0 

349 1 
3 0 

348 1 
3 0 

347 1 
3 0 

346 1 
3 0 

345 1 
3 0 

344 1 
3 0 

343 1 
3 0 

342 1 
3 0 

341 1 
3 0 

340 1 
3 0 

339 1 
3 0 

338 1 
3 0 

337 1 
3 0 

336 1 
3 0 

335 1 
3 0 

334 1 
3 0 

333 1 
3 0 

332 1 
3 0 

331 1 
3 0 

329 1 
3 0 

328 1 
3 0 

327 1 
3 0 

326 1 
3 0 

325 1 
3 0 

324 1 
3 0 

323 1 
3 0 

322 1 
3 0 

321 1 
3 0 

320 1 
3 0 

319 1 
3 0 

318 1 
3 0 

317 1 
3 0 

316 1 
3 0 

315 1 
3 0 

314 1 
3 0 

313 1 
3 0 

312 1 
3 0 

311 1 
3 0 

310 1 
3 0 

309 1 
3 0 

308 1 
3 0 

307 1 
3 0 

306 1 
3 0 

305 1 
3 0 

304 1 
3 0 

303 1 
3 0 

302 1 
3 0 

301 1 
3 0 

300 1 
3 0 

299 1 
3 0 

298 1 
3 0 

297 1 
3 0 

296 1 
3 0 

295 1 
3 0 

294 1 
3 0 

293 1 
3 0 

292 1 
3 0 

291 1 
3 0 

290 1 
3 0 

289 1 
3 0 

288 1 
3 0 

287 1 
3 0 

286 1 
3 0 

285 1 
3 0 

284 1 
3 0 

283 1 
3 0 

282 1 
3 0 

281 1 
3 0 

280 1 
3 0 

279 1 
3 0 

278 1 
3 0 

277 1 
3 0 

276 1 
3 0 

275 1 
3 0 

274 1 
3 0 

273 1 
3 0 

272 1 
3 0 

271 1 
3 0 

270 1 
3 0 

269 1 
3 0 

268 1 
3 0 

267 1 
3 0 

266 1 
3 0 

265 1 
3 0 

264 1 
3 0 

263 1 
3 0 

262 1 
3 0 

261 1 
3 0 

260 1 
3 0 

259 1 
3 0 

258 1 
3 0 

257 1 
3 0 

256 1 
3 0 

255 1 
3 0 

254 1 
3 0 

253 1 
3 0 

252 1 
3 0 

251 1 
3 0 

250 1 
3 0 

249 1 
3 0 

248 1 
3 0 

247 1 
3 0 

246 1 
3 0 

245 1 
3 0 

244 1 
3 0 

243 1 
3 0 

242 1 
3 0 

241 1 
3 0 

240 1 
3 0 

239 1 
3 0 

238 1 
3 0 

237 1 
3 0 

236 1 
3 0 

235 1 
3 0 

234 1 
3 0 

233 1 
3 0 

232 1 
3 0 

231 1 
3 0 

230 1 
3 0 

229 1 
3 0 

228 1 
3 0 

227 1 
3 0 

226 1 
3 0 

225 1 
3 0 

224 1 
3 0 

223 1 
3 0 

222 1 
3 0 

575 1 
4 0 

221 1 
3 0 

220 1 
3 0 

219 1 
3 0 

218 1 
3 0 

217 1 
3 0 

216 1 
3 0 

215 1 
3 0 

214 1 
3 0 

213 1 
3 0 

212 1 
3 0 

211 1 
3 0 

210 1 
3 0 

209 1 
3 0 

208 1 
3 0 

207 1 
3 0 

206 1 
3 0 

205 1 
3 0 

204 1 
3 0 

203 1 
3 0 

202 1 
3 0 

201 1 
3 0 

200 1 
3 0 

330 1 
3 0 

199 1 
3 0 

198 1 
3 0 

197 1 
3 0 

196 1 
3 0 

195 1 
3 0 

194 1 
3 0 

193 1 
3 0 

192 1 
3 0 

191 1 
3 0 

190 1 
3 0 

189 1 
3 0 

188 1 
3 0 

187 1 
3 0 

186 1 
3 0 

185 1 
3 0 

184 1 
3 0 

179 1 
1 0 

183 1 
3 0 

182 1 
3 0 

181 1 
3 0 

180 1 
3 0 

179 1 
3 0 

178 1 
3 0 

177 1 
3 0 

176 1 
3 0 

175 1 
3 0 

174 1 
3 0 

173 1 
3 0 

172 1 
3 0 

171 1 
3 0 

170 1 
3 0 

169 1 
3 0 

168 1 
3 0 

167 1 
3 0 

166 1 
3 0 

165 1 
3 0 

164 1 
3 0 

163 1 
3 0 

162 1 
3 0 

161 1 
3 0 

160 1 
3 0 

159 1 
3 0 

158 1 
3 0 

157 1 
3 0 

156 1 
3 0 

155 1 
3 0 

154 1 
3 0 

153 1 
3 0 

152 1 
3 0 

151 1 
3 0 

150 1 
3 0 

149 1 
3 0 

148 1 
3 0 

147 1 
3 0 

146 1 
3 0 

145 1 
3 0 

144 1 
3 0 

143 1 
3 0 

142 1 
3 0 

141 1 
3 0 

140 1 
3 0 

139 1 
3 0 

138 1 
3 0 

137 1 
3 0 

136 1 
3 0 

135 1 
3 0 

134 1 
3 0 

133 1 
3 0 

132 1 
3 0 

131 1 
3 0 

130 1 
3 0 

129 1 
3 0 

128 1 
3 0 

127 1 
3 0 

126 1 
3 0 

125 1 
3 0 

124 1 
3 0 

123 1 
3 0 

122 1 
3 0 

121 1 
3 0 

120 1 
3 0 

119 1 
3 0 

118 1 
3 0 

117 1 
3 0 

116 1 
3 0 

115 1 
3 0 

114 1 
3 0 

113 1 
3 0 

112 1 
3 0 

111 1 
3 0 

110 1 
3 0 

109 1 
3 0 

108 1 
3 0 

107 1 
3 0 

106 1 
3 0 

105 1 
3 0 

104 1 
3 0 

103 1 
3 0 

102 1 
3 0 

101 1 
3 0 

100 1 
3 0 

99 1 
3 0 

98 1 
3 0 

97 1 
3 0 

96 1 
3 0 

95 1 
3 0 

94 1 
3 0 

93 1 
3 0 

92 1 
3 0 

91 1 
3 0 

90 1 
3 0 

89 1 
3 0 

88 1 
3 0 

87 1 
3 0 

86 1 
3 0 

85 1 
3 0 

84 1 
3 0 

83 1 
3 0 

82 1 
3 0 

81 1 
3 0 

80 1 
3 0 

79 1 
3 0 

78 1 
3 0 

77 1 
3 0 

76 1 
3 0 

75 1 
3 0 

74 1 
3 0 

73 1 
3 0 

72 1 
3 0 

71 1 
3 0 

70 1 
3 0 

69 1 
3 0 

68 1 
3 0 

67 1 
3 0 

66 1 
3 0 

65 1 
3 0 

64 1 
3 0 

63 1 
3 0 

62 1 
3 0 

61 1 
3 0 

60 1 
3 0 

59 1 
3 0 

58 1 
3 0 

57 1 
3 0 

56 1 
3 0 

55 1 
3 0 

54 1 
3 0 

53 1 
3 0 

52 1 
3 0 

51 1 
3 0 

50 1 
3 0 

49 1 
3 0 

48 1 
3 0 

47 1 
3 0 

46 1 
3 0 

45 1 
3 0 

44 1 
3 0 

43 1 
3 0 

42 1 
3 0 

41 1 
3 0 

40 1 
3 0 

39 1 
3 0 

38 1 
3 0 

37 1 
3 0 

36 1 
3 0 

35 1 
3 0 

34 1 
3 0 

33 1 
3 0 

32 1 
3 0 

31 1 
3 0 

30 1 
3 0 

29 1 
3 0 

28 1 
3 0 

27 1 
3 0 

26 1 
3 0 

25 1 
3 0 

361 1 
2 0 

24 1 
3 0 

23 1 
3 0 

22 1 
3 0 

21 1 
3 0 

20 1 
3 0 

19 1 
3 0 

18 1 
3 0 

17 1 
3 0 

16 1 
3 0 

15 1 
3 0 

14 1 
3 0 

175 1 
1 0 

13 1 
3 0 

12 1 
3 0 

11 1 
3 0 

10 1 
3 0 

9 1 
3 0 

8 1 
3 0 

7 1 
3 0 

6 1 
3 0 

5 1 
3 0 

4 1 
7 0 

4 1 
5 0 

5 1 
7 0 

5 1 
6 0 

5 1 
5 0 

372 1 
6 0 

371 1 
5 0 

370 1 
4 0 

369 1 
4 0 

368 1 
4 0 

367 1 
4 0 

598 1 
6 0 

366 1 
4 0 

365 1 
4 0 

364 1 
4 0 

363 1 
4 0 

362 1 
4 0 

361 1 
4 0 

360 1 
4 0 

359 1 
4 0 

506 1 
6 0 

358 1 
4 0 

357 1 
4 0 

496 1 
6 0 

356 1 
4 0 

355 1 
4 0 

494 1 
6 0 

354 1 
4 0 

353 1 
4 0 

500 1 
6 0 

352 1 
4 0 

351 1 
4 0 

608 1 
6 0 

350 1 
4 0 

349 1 
4 0 

606 1 
6 0 

348 1 
4 0 

347 1 
4 0 

490 1 
6 0 

346 1 
4 0 

345 1 
4 0 

343 1 
4 0 

604 1 
6 0 

342 1 
4 0 

341 1 
4 0 

498 1 
6 0 

340 1 
4 0 

339 1 
4 0 

508 1 
6 0 

338 1 
4 0 

337 1 
4 0 

610 1 
6 0 

336 1 
4 0 

335 1 
4 0 

512 1 
6 0 

334 1 
4 0 

333 1 
4 0 

516 1 
6 0 

332 1 
4 0 

331 1 
4 0 

504 1 
6 0 

330 1 
4 0 

329 1 
4 0 

602 1 
6 0 

328 1 
4 0 

327 1 
4 0 

326 1 
4 0 

325 1 
4 0 

324 1 
4 0 

323 1 
4 0 

514 1 
6 0 

322 1 
4 0 

321 1 
4 0 

502 1 
6 0 

320 1 
4 0 

319 1 
4 0 

318 1 
4 0 

317 1 
4 0 

520 1 
6 0 

316 1 
4 0 

315 1 
4 0 

518 1 
6 0 

314 1 
4 0 

313 1 
4 0 

510 1 
6 0 

312 1 
4 0 

311 1 
4 0 

522 1 
6 0 

310 1 
4 0 

309 1 
4 0 

308 1 
4 0 

307 1 
4 0 

306 1 
4 0 

305 1 
4 0 

554 1 
6 0 

304 1 
4 0 

303 1 
4 0 

302 1 
4 0 

301 1 
4 0 

299 1 
4 0 

297 1 
4 0 

295 1 
4 0 

293 1 
4 0 

291 1 
4 0 

289 1 
4 0 

287 1 
4 0 

4 1 
6 0 

286 1 
4 0 

285 1 
4 0 

284 1 
4 0 

283 1 
4 0 

281 1 
4 0 

614 1 
6 0 

280 1 
4 0 

279 1 
4 0 

278 1 
4 0 

277 1 
4 0 

275 1 
4 0 

273 1 
4 0 

271 1 
4 0 

269 1 
4 0 

267 1 
4 0 

265 1 
4 0 

263 1 
4 0 

261 1 
4 0 

259 1 
4 0 

257 1 
4 0 

255 1 
4 0 

253 1 
4 0 

251 1 
4 0 

249 1 
4 0 

247 1 
4 0 

245 1 
4 0 

243 1 
4 0 

241 1 
4 0 

302 1 
2 0 

240 1 
4 0 

239 1 
4 0 

238 1 
4 0 

237 1 
4 0 

366 1 
2 0 

236 1 
4 0 

235 1 
4 0 

370 1 
2 0 

234 1 
4 0 

233 1 
4 0 

304 1 
2 0 

232 1 
4 0 

231 1 
4 0 

364 1 
2 0 

230 1 
4 0 

229 1 
4 0 

384 1 
2 0 

228 1 
4 0 

227 1 
4 0 

382 1 
2 0 

226 1 
4 0 

225 1 
4 0 

480 1 
2 0 

224 1 
4 0 

223 1 
4 0 

376 1 
2 0 

222 1 
4 0 

221 1 
4 0 

394 1 
2 0 

220 1 
4 0 

219 1 
4 0 

400 1 
2 0 

218 1 
4 0 

217 1 
4 0 

392 1 
2 0 

216 1 
4 0 

215 1 
4 0 

388 1 
2 0 

214 1 
4 0 

213 1 
4 0 

362 1 
2 0 

212 1 
4 0 

211 1 
4 0 

210 1 
4 0 

209 1 
4 0 

208 1 
4 0 

207 1 
4 0 

312 1 
2 0 

206 1 
4 0 

205 1 
4 0 

203 1 
4 0 

308 1 
2 0 

202 1 
4 0 

201 1 
4 0 

390 1 
2 0 

200 1 
4 0 

199 1 
4 0 

486 1 
2 0 

198 1 
4 0 

197 1 
4 0 

402 1 
2 0 

196 1 
4 0 

195 1 
4 0 

386 1 
2 0 

194 1 
4 0 

193 1 
4 0 

398 1 
2 0 

192 1 
4 0 

191 1 
4 0 

396 1 
2 0 

190 1 
4 0 

189 1 
4 0 

378 1 
2 0 

188 1 
4 0 

187 1 
4 0 

482 1 
2 0 

186 1 
4 0 

185 1 
4 0 

412 1 
2 0 

184 1 
4 0 

183 1 
4 0 

460 1 
2 0 

182 1 
4 0 

181 1 
4 0 

180 1 
4 0 

179 1 
4 0 

178 1 
4 0 

177 1 
4 0 

176 1 
4 0 

175 1 
4 0 

174 1 
4 0 

173 1 
4 0 

172 1 
4 0 

171 1 
4 0 

170 1 
4 0 

169 1 
4 0 

168 1 
4 0 

167 1 
4 0 

166 1 
4 0 

165 1 
4 0 

622 1 
6 0 

164 1 
4 0 

163 1 
4 0 

162 1 
4 0 

161 1 
4 0 

618 1 
6 0 

160 1 
4 0 

159 1 
4 0 

157 1 
4 0 

156 1 
4 0 

155 1 
4 0 

154 1 
4 0 

153 1 
4 0 

152 1 
4 0 

151 1 
4 0 

626 1 
6 0 

150 1 
4 0 

149 1 
4 0 

624 1 
6 0 

148 1 
4 0 

147 1 
4 0 

146 1 
4 0 

145 1 
4 0 

144 1 
4 0 

143 1 
4 0 

142 1 
4 0 

141 1 
4 0 

140 1 
4 0 

139 1 
4 0 

138 1 
4 0 

137 1 
4 0 

136 1 
4 0 

135 1 
4 0 

134 1 
4 0 

133 1 
4 0 

132 1 
4 0 

131 1 
4 0 

130 1 
4 0 

129 1 
4 0 

128 1 
4 0 

127 1 
4 0 

126 1 
4 0 

125 1 
4 0 

124 1 
4 0 

123 1 
4 0 

122 1 
4 0 

121 1 
4 0 

462 1 
2 0 

120 1 
4 0 

119 1 
4 0 

472 1 
2 0 

118 1 
4 0 

117 1 
4 0 

470 1 
2 0 

116 1 
4 0 

115 1 
4 0 

474 1 
2 0 

114 1 
4 0 

113 1 
4 0 

422 1 
2 0 

112 1 
4 0 

111 1 
4 0 

424 1 
2 0 

110 1 
4 0 

109 1 
4 0 

428 1 
2 0 

108 1 
4 0 

107 1 
4 0 

142 1 
2 0 

106 1 
4 0 

105 1 
4 0 

140 1 
2 0 

104 1 
4 0 

103 1 
4 0 

172 1 
2 0 

102 1 
4 0 

101 1 
4 0 

496 1 
2 0 

100 1 
4 0 

99 1 
4 0 

498 1 
2 0 

98 1 
4 0 

97 1 
4 0 

168 1 
2 0 

96 1 
4 0 

95 1 
4 0 

174 1 
2 0 

94 1 
4 0 

93 1 
4 0 

146 1 
2 0 

92 1 
4 0 

91 1 
4 0 

144 1 
2 0 

90 1 
4 0 

89 1 
4 0 

87 1 
4 0 

126 1 
2 0 

86 1 
4 0 

85 1 
4 0 

442 1 
2 0 

84 1 
4 0 

83 1 
4 0 

438 1 
2 0 

82 1 
4 0 

81 1 
4 0 

132 1 
2 0 

80 1 
4 0 

79 1 
4 0 

178 1 
2 0 

78 1 
4 0 

77 1 
4 0 

136 1 
2 0 

76 1 
4 0 

75 1 
4 0 

176 1 
2 0 

74 1 
4 0 

73 1 
4 0 

170 1 
2 0 

72 1 
4 0 

71 1 
4 0 

138 1 
2 0 

70 1 
4 0 

69 1 
4 0 

180 1 
2 0 

68 1 
4 0 

67 1 
4 0 

444 1 
2 0 

66 1 
4 0 

134 1 
2 0 

88 1 
4 0 

65 1 
4 0 

426 1 
2 0 

64 1 
4 0 

63 1 
4 0 

156 1 
2 0 

62 1 
4 0 

610 1 
4 0 

61 1 
4 0 

446 1 
2 0 

60 1 
4 0 

59 1 
4 0 

158 1 
2 0 

58 1 
4 0 

57 1 
4 0 

160 1 
2 0 

56 1 
4 0 

55 1 
4 0 

162 1 
2 0 

54 1 
4 0 

53 1 
4 0 

150 1 
2 0 

52 1 
4 0 

51 1 
4 0 

440 1 
2 0 

50 1 
4 0 

49 1 
4 0 

154 1 
2 0 

48 1 
4 0 

47 1 
4 0 

166 1 
2 0 

46 1 
4 0 

45 1 
4 0 

456 1 
2 0 

44 1 
4 0 

43 1 
4 0 

416 1 
2 0 

42 1 
4 0 

41 1 
4 0 

414 1 
2 0 

40 1 
4 0 

39 1 
4 0 

148 1 
2 0 

38 1 
4 0 

37 1 
4 0 

164 1 
2 0 

36 1 
4 0 

35 1 
4 0 

152 1 
2 0 

34 1 
4 0 

33 1 
4 0 

454 1 
2 0 

32 1 
4 0 

31 1 
4 0 

452 1 
2 0 

30 1 
4 0 

29 1 
4 0 

450 1 
2 0 

28 1 
4 0 

27 1 
4 0 

418 1 
2 0 

26 1 
4 0 

25 1 
4 0 

430 1 
2 0 

24 1 
4 0 

23 1 
4 0 

420 1 
2 0 

22 1 
4 0 

21 1 
4 0 

432 1 
2 0 

20 1 
4 0 

19 1 
4 0 

448 1 
2 0 

18 1 
4 0 

17 1 
4 0 

436 1 
2 0 

16 1 
4 0 

15 1 
4 0 

434 1 
2 0 

14 1 
4 0 

13 1 
4 0 

404 1 
2 0 

12 1 
4 0 

11 1 
4 0 

476 1 
2 0 

10 1 
4 0 

9 1 
4 0 

466 1 
2 0 

8 1 
4 0 

7 1 
4 0 

370 1 
6 0 

369 1 
5 0 

368 1 
5 0 

367 1 
5 0 

366 1 
5 0 

365 1 
5 0 

364 1 
5 0 

363 1 
5 0 

362 1 
5 0 

361 1 
5 0 

360 1 
5 0 

359 1 
5 0 

358 1 
5 0 

357 1 
5 0 

356 1 
5 0 

355 1 
5 0 

354 1 
5 0 

353 1 
5 0 

352 1 
5 0 

351 1 
5 0 

350 1 
5 0 

349 1 
5 0 

348 1 
5 0 

347 1 
5 0 

249 1 
1 0 

346 1 
5 0 

345 1 
5 0 

344 1 
5 0 

343 1 
5 0 

342 1 
5 0 

341 1 
5 0 

340 1 
5 0 

339 1 
5 0 

338 1 
5 0 

337 1 
5 0 

336 1 
5 0 

335 1 
5 0 

334 1 
5 0 

333 1 
5 0 

332 1 
5 0 

331 1 
5 0 

330 1 
5 0 

329 1 
5 0 

328 1 
5 0 

327 1 
5 0 

326 1 
5 0 

325 1 
5 0 

324 1 
5 0 

323 1 
5 0 

322 1 
5 0 

321 1 
5 0 

320 1 
5 0 

281 1 
0 0 

319 1 
5 0 

318 1 
5 0 

317 1 
5 0 

316 1 
5 0 

315 1 
5 0 

314 1 
5 0 

313 1 
5 0 

312 1 
5 0 

311 1 
5 0 

310 1 
5 0 

309 1 
5 0 

308 1 
5 0 

307 1 
5 0 

306 1 
5 0 

305 1 
5 0 

304 1 
5 0 

303 1 
5 0 

302 1 
5 0 

301 1 
5 0 

300 1 
5 0 

299 1 
5 0 

298 1 
5 0 

297 1 
5 0 

296 1 
5 0 

295 1 
5 0 

294 1 
5 0 

293 1 
5 0 

292 1 
5 0 

291 1 
5 0 

290 1 
5 0 

289 1 
5 0 

288 1 
5 0 

287 1 
5 0 

286 1 
5 0 

285 1 
5 0 

284 1 
5 0 

283 1 
5 0 

282 1 
5 0 

281 1 
5 0 

279 1 
5 0 

278 1 
5 0 

277 1 
5 0 

276 1 
5 0 

275 1 
5 0 

274 1 
5 0 

273 1 
5 0 

272 1 
5 0 

271 1 
5 0 

270 1 
5 0 

78 1 
0 0 

269 1 
5 0 

268 1 
5 0 

267 1 
5 0 

266 1 
5 0 

265 1 
5 0 

264 1 
5 0 

263 1 
5 0 

262 1 
5 0 

261 1 
5 0 

260 1 
5 0 

259 1 
5 0 

258 1 
5 0 

256 1 
5 0 

255 1 
5 0 

254 1 
5 0 

253 1 
5 0 

252 1 
5 0 

251 1 
5 0 

250 1 
5 0 

249 1 
5 0 

248 1 
5 0 

247 1 
5 0 

246 1 
5 0 

245 1 
5 0 

244 1 
5 0 

243 1 
5 0 

242 1 
5 0 

241 1 
5 0 

240 1 
5 0 

239 1 
5 0 

238 1 
5 0 

237 1 
5 0 

236 1 
5 0 

235 1 
5 0 

234 1 
5 0 

233 1 
5 0 

232 1 
5 0 

231 1 
5 0 

230 1 
5 0 

229 1 
5 0 

228 1 
5 0 

227 1 
5 0 

226 1 
5 0 

225 1 
5 0 

224 1 
5 0 

223 1 
5 0 

222 1 
5 0 

221 1 
5 0 

220 1 
5 0 

219 1 
5 0 

218 1 
5 0 

217 1 
5 0 

216 1 
5 0 

215 1 
5 0 

214 1 
5 0 

213 1 
5 0 

212 1 
5 0 

211 1 
5 0 

210 1 
5 0 

209 1 
5 0 

208 1 
5 0 

207 1 
5 0 

206 1 
5 0 

205 1 
5 0 

204 1 
5 0 

203 1 
5 0 

202 1 
5 0 

201 1 
5 0 

200 1 
5 0 

199 1 
5 0 

198 1 
5 0 

197 1 
5 0 

196 1 
5 0 

195 1 
5 0 

194 1 
5 0 

193 1 
5 0 

192 1 
5 0 

191 1 
5 0 

190 1 
5 0 

189 1 
5 0 

188 1 
5 0 

187 1 
5 0 

186 1 
5 0 

185 1 
5 0 

184 1 
5 0 

183 1 
5 0 

182 1 
5 0 

181 1 
5 0 

180 1 
5 0 

179 1 
5 0 

178 1 
5 0 

177 1 
5 0 

176 1 
5 0 

175 1 
5 0 

174 1 
5 0 

173 1 
5 0 

172 1 
5 0 

171 1 
5 0 

170 1 
5 0 

169 1 
5 0 

168 1 
5 0 

167 1 
5 0 

166 1 
5 0 

165 1 
5 0 

164 1 
5 0 

163 1 
5 0 

162 1 
5 0 

161 1 
5 0 

160 1 
5 0 

159 1 
5 0 

158 1 
5 0 

157 1 
5 0 

156 1 
5 0 

155 1 
5 0 

154 1 
5 0 

153 1 
5 0 

152 1 
5 0 

151 1 
5 0 

150 1 
5 0 

149 1 
5 0 

148 1 
5 0 

147 1 
5 0 

146 1 
5 0 

145 1 
5 0 

144 1 
5 0 

143 1 
5 0 

142 1 
5 0 

141 1 
5 0 

140 1 
5 0 

139 1 
5 0 

138 1 
5 0 

137 1 
5 0 

136 1 
5 0 

135 1 
5 0 

134 1 
5 0 

133 1 
5 0 

132 1 
5 0 

131 1 
5 0 

130 1 
5 0 

129 1 
5 0 

128 1 
5 0 

127 1 
5 0 

126 1 
5 0 

125 1 
5 0 

124 1 
5 0 

123 1 
5 0 

122 1 
5 0 

121 1 
5 0 

120 1 
5 0 

119 1 
5 0 

118 1 
5 0 

117 1 
5 0 

116 1 
5 0 

115 1 
5 0 

114 1 
5 0 

113 1 
5 0 

112 1 
5 0 

111 1 
5 0 

110 1 
5 0 

109 1 
5 0 

108 1 
5 0 

107 1 
5 0 

106 1 
5 0 

105 1 
5 0 

104 1 
5 0 

103 1 
5 0 

102 1 
5 0 

101 1 
5 0 

100 1 
5 0 

99 1 
5 0 

98 1 
5 0 

97 1 
5 0 

96 1 
5 0 

95 1 
5 0 

94 1 
5 0 

93 1 
5 0 

92 1 
5 0 

91 1 
5 0 

90 1 
5 0 

89 1 
5 0 

88 1 
5 0 

87 1 
5 0 

86 1 
5 0 

85 1 
5 0 

84 1 
5 0 

83 1 
5 0 

82 1 
5 0 

81 1 
5 0 

80 1 
5 0 

79 1 
5 0 

78 1 
5 0 

77 1 
5 0 

76 1 
5 0 

75 1 
5 0 

74 1 
5 0 

73 1 
5 0 

72 1 
5 0 

71 1 
5 0 

70 1 
5 0 

69 1 
5 0 

68 1 
5 0 

67 1 
5 0 

66 1 
5 0 

65 1 
5 0 

64 1 
5 0 

63 1 
5 0 

62 1 
5 0 

61 1 
5 0 

60 1 
5 0 

59 1 
5 0 

58 1 
5 0 

57 1 
5 0 

56 1 
5 0 

55 1 
5 0 

54 1 
5 0 

53 1 
5 0 

52 1 
5 0 

51 1 
5 0 

50 1 
5 0 

49 1 
5 0 

48 1 
5 0 

47 1 
5 0 

46 1 
5 0 

45 1 
5 0 

44 1 
5 0 

43 1 
5 0 

42 1 
5 0 

41 1 
5 0 

40 1 
5 0 

39 1 
5 0 

38 1 
5 0 

37 1 
5 0 

36 1 
5 0 

35 1 
5 0 

34 1 
5 0 

33 1 
5 0 

32 1 
5 0 

31 1 
5 0 

30 1 
5 0 

29 1 
5 0 

28 1 
5 0 

27 1 
5 0 

26 1 
5 0 

25 1 
5 0 

24 1 
5 0 

23 1 
5 0 

22 1 
5 0 

21 1 
5 0 

20 1 
5 0 

19 1 
5 0 

18 1 
5 0 

17 1 
5 0 

16 1 
5 0 

15 1 
5 0 

14 1 
5 0 

13 1 
5 0 

12 1 
5 0 

11 1 
5 0 

10 1 
5 0 

9 1 
5 0 

8 1 
5 0 

7 1 
5 0 

6 1 
7 0 

7 1 
7 0 

369 1 
7 0 

368 1 
6 0 

367 1 
7 0 

367 1 
6 0 

366 1 
6 0 

365 1 
6 0 

364 1 
6 0 

363 1 
6 0 

362 1 
6 0 

361 1 
6 0 

360 1 
6 0 

359 1 
6 0 

358 1 
6 0 

357 1 
6 0 

356 1 
6 0 

355 1 
6 0 

354 1 
6 0 

353 1 
6 0 

352 1 
6 0 

351 1 
6 0 

350 1 
6 0 

349 1 
6 0 

348 1 
6 0 

347 1 
6 0 

346 1 
6 0 

345 1 
6 0 

344 1 
6 0 

343 1 
6 0 

342 1 
6 0 

341 1 
6 0 

340 1 
6 0 

339 1 
6 0 

338 1 
6 0 

337 1 
6 0 

336 1 
6 0 

335 1 
6 0 

334 1 
6 0 

333 1 
6 0 

332 1 
6 0 

331 1 
6 0 

330 1 
6 0 

329 1 
6 0 

328 1 
6 0 

327 1 
6 0 

326 1 
6 0 

325 1 
6 0 

324 1 
6 0 

323 1 
6 0 

322 1 
6 0 

321 1 
6 0 

320 1 
6 0 

319 1 
6 0 

318 1 
6 0 

317 1 
6 0 

316 1 
6 0 

315 1 
6 0 

314 1 
6 0 

313 1 
6 0 

312 1 
6 0 

311 1 
6 0 

310 1 
6 0 

309 1 
6 0 

308 1 
6 0 

307 1 
6 0 

306 1 
6 0 

365 1 
7 0 

364 1 
7 0 

363 1 
7 0 

362 1 
7 0 

361 1 
7 0 

360 1 
7 0 

359 1 
7 0 

358 1 
7 0 

357 1 
7 0 

356 1 
7 0 

355 1 
7 0 

354 1 
7 0 

353 1 
7 0 

352 1 
7 0 

351 1 
7 0 

350 1 
7 0 

349 1 
7 0 

348 1 
7 0 

347 1 
7 0 

346 1 
7 0 

345 1 
7 0 

344 1 
7 0 

343 1 
7 0 

342 1 
7 0 

341 1 
7 0 

340 1 
7 0 

339 1 
7 0 

338 1 
7 0 

337 1 
7 0 

336 1 
7 0 

335 1 
7 0 

334 1 
7 0 

333 1 
7 0 

332 1 
7 0 

331 1 
7 0 

330 1 
7 0 

329 1 
7 0 

328 1 
7 0 

327 1 
7 0 

326 1 
7 0 

325 1 
7 0 

324 1 
7 0 

323 1 
7 0 

322 1 
7 0 

321 1 
7 0 

320 1 
7 0 

319 1 
7 0 

318 1 
7 0 

317 1 
7 0 

316 1 
7 0 

315 1 
7 0 

314 1 
7 0 

313 1 
7 0 

312 1 
7 0 

311 1 
7 0 

310 1 
7 0 

309 1 
7 0 

308 1 
7 0 

307 1 
7 0 

306 1 
7 0 

305 1 
7 0 

305 1 
6 0 

304 1 
6 0 

303 1 
7 0 

303 1 
6 0 

302 1 
6 0 

301 1 
6 0 

158 1 
4 0 

300 1 
6 0 

299 1 
6 0 

298 1 
6 0 

297 1 
6 0 

296 1 
6 0 

295 1 
6 0 

294 1 
6 0 

293 1 
6 0 

292 1 
6 0 

291 1 
6 0 

290 1 
6 0 

289 1 
6 0 

288 1 
6 0 

287 1 
6 0 

286 1 
6 0 

285 1 
6 0 

284 1 
6 0 

283 1 
6 0 

282 1 
6 0 

281 1 
6 0 

280 1 
6 0 

279 1 
6 0 

278 1 
6 0 

277 1 
6 0 

276 1 
6 0 

275 1 
6 0 

274 1 
6 0 

273 1 
6 0 

272 1 
6 0 

271 1 
6 0 

270 1 
6 0 

269 1 
6 0 

268 1 
6 0 

267 1 
6 0 

266 1 
6 0 

265 1 
6 0 

264 1 
6 0 

263 1 
6 0 

262 1 
6 0 

261 1 
6 0 

260 1 
6 0 

259 1 
6 0 

258 1 
6 0 

257 1 
6 0 

256 1 
6 0 

255 1 
6 0 

254 1 
6 0 

253 1 
6 0 

252 1 
6 0 

251 1 
6 0 

250 1 
6 0 

249 1 
6 0 

248 1 
6 0 

247 1 
6 0 

246 1 
6 0 

245 1 
6 0 

244 1 
6 0 

243 1 
6 0 

242 1 
6 0 

241 1 
6 0 

240 1 
6 0 

239 1 
6 0 

238 1 
6 0 

237 1 
6 0 

236 1 
6 0 

235 1 
6 0 

234 1 
6 0 

233 1 
6 0 

232 1 
6 0 

231 1 
6 0 

230 1 
6 0 

229 1 
6 0 

562 1 
4 0 

228 1 
6 0 

227 1 
6 0 

574 1 
4 0 

226 1 
6 0 

576 1 
4 0 

224 1 
6 0 

223 1 
6 0 

586 1 
4 0 

222 1 
6 0 

221 1 
6 0 

560 1 
4 0 

220 1 
6 0 

219 1 
6 0 

568 1 
4 0 

218 1 
6 0 

217 1 
6 0 

564 1 
4 0 

216 1 
6 0 

215 1 
6 0 

580 1 
4 0 

214 1 
6 0 

213 1 
6 0 

600 1 
4 0 

212 1 
6 0 

211 1 
6 0 

556 1 
4 0 

210 1 
6 0 

209 1 
6 0 

208 1 
6 0 

207 1 
6 0 

598 1 
4 0 

206 1 
6 0 

205 1 
6 0 

554 1 
4 0 

204 1 
6 0 

203 1 
6 0 

202 1 
6 0 

201 1 
6 0 

200 1 
6 0 

199 1 
6 0 

198 1 
6 0 

197 1 
6 0 

570 1 
4 0 

196 1 
6 0 

195 1 
6 0 

558 1 
4 0 

194 1 
6 0 

193 1 
6 0 

566 1 
4 0 

192 1 
6 0 

191 1 
6 0 

588 1 
4 0 

190 1 
6 0 

189 1 
6 0 

584 1 
4 0 

188 1 
6 0 

187 1 
6 0 

578 1 
4 0 

186 1 
6 0 

185 1 
6 0 

582 1 
4 0 

184 1 
6 0 

183 1 
6 0 

276 1 
4 0 

182 1 
6 0 

181 1 
6 0 

180 1 
6 0 

179 1 
6 0 

178 1 
6 0 

177 1 
6 0 

176 1 
6 0 

175 1 
6 0 

174 1 
6 0 

173 1 
6 0 

172 1 
6 0 

171 1 
6 0 

170 1 
6 0 

169 1 
6 0 

168 1 
6 0 

167 1 
6 0 

166 1 
6 0 

165 1 
6 0 

164 1 
6 0 

163 1 
6 0 

162 1 
6 0 

161 1 
6 0 

160 1 
6 0 

159 1 
6 0 

158 1 
6 0 

157 1 
6 0 

156 1 
6 0 

155 1 
6 0 

154 1 
6 0 

153 1 
6 0 

152 1 
6 0 

151 1 
6 0 

150 1 
6 0 

149 1 
6 0 

148 1 
6 0 

147 1 
6 0 

146 1 
6 0 

145 1 
6 0 

144 1 
6 0 

143 1 
6 0 

142 1 
6 0 

141 1 
6 0 

140 1 
6 0 

139 1 
6 0 

138 1 
6 0 

137 1 
6 0 

136 1 
6 0 

135 1 
6 0 

134 1 
6 0 

133 1 
6 0 

132 1 
6 0 

131 1 
6 0 

130 1 
6 0 

129 1 
6 0 

344 1 
4 0 

128 1 
6 0 

127 1 
6 0 

126 1 
6 0 

125 1 
6 0 

124 1 
6 0 

123 1 
6 0 

122 1 
6 0 

121 1 
6 0 

590 1 
4 0 

120 1 
6 0 

119 1 
6 0 

594 1 
4 0 

118 1 
6 0 

117 1 
6 0 

282 1 
4 0 

116 1 
6 0 

115 1 
6 0 

268 1 
4 0 

114 1 
6 0 

113 1 
6 0 

292 1 
4 0 

112 1 
6 0 

111 1 
6 0 

270 1 
4 0 

110 1 
6 0 

109 1 
6 0 

296 1 
4 0 

108 1 
6 0 

107 1 
6 0 

106 1 
6 0 

105 1 
6 0 

104 1 
6 0 

103 1 
6 0 

102 1 
6 0 

101 1 
6 0 

100 1 
6 0 

99 1 
6 0 

342 1 
2 0 

98 1 
6 0 

97 1 
6 0 

96 1 
6 0 

95 1 
6 0 

94 1 
6 0 

93 1 
6 0 

92 1 
6 0 

91 1 
6 0 

90 1 
6 0 

89 1 
6 0 

88 1 
6 0 

87 1 
6 0 

86 1 
6 0 

85 1 
6 0 

620 1 
4 0 

84 1 
6 0 

306 1 
2 0 

204 1 
4 0 

83 1 
6 0 

82 1 
6 0 

81 1 
6 0 

80 1 
6 0 

79 1 
6 0 

78 1 
6 0 

77 1 
6 0 

76 1 
6 0 

75 1 
6 0 

74 1 
6 0 

73 1 
6 0 

72 1 
6 0 

71 1 
6 0 

70 1 
6 0 

69 1 
6 0 

68 1 
6 0 

67 1 
6 0 

66 1 
6 0 

65 1 
6 0 

626 1 
4 0 

64 1 
6 0 

63 1 
6 0 

62 1 
6 0 

492 1 
6 0 

61 1 
6 0 

300 1 
4 0 

60 1 
6 0 

59 1 
6 0 

622 1 
4 0 

58 1 
6 0 

57 1 
6 0 

56 1 
6 0 

55 1 
6 0 

242 1 
4 0 

54 1 
6 0 

53 1 
6 0 

52 1 
6 0 

51 1 
6 0 

624 1 
4 0 

50 1 
6 0 

49 1 
6 0 

48 1 
6 0 

47 1 
6 0 

618 1 
4 0 

46 1 
6 0 

45 1 
6 0 

248 1 
4 0 

44 1 
6 0 

43 1 
6 0 

250 1 
4 0 

42 1 
6 0 

41 1 
6 0 

252 1 
4 0 

40 1 
6 0 

39 1 
6 0 

254 1 
4 0 

38 1 
6 0 

37 1 
6 0 

36 1 
6 0 

35 1 
6 0 

34 1 
6 0 

33 1 
6 0 

258 1 
4 0 

32 1 
6 0 

31 1 
6 0 

298 1 
4 0 

30 1 
6 0 

29 1 
6 0 

246 1 
4 0 

28 1 
6 0 

27 1 
6 0 

244 1 
4 0 

26 1 
6 0 

25 1 
6 0 

294 1 
4 0 

24 1 
6 0 

23 1 
6 0 

288 1 
4 0 

22 1 
6 0 

21 1 
6 0 

262 1 
4 0 

20 1 
6 0 

19 1 
6 0 

290 1 
4 0 

18 1 
6 0 

17 1 
6 0 

256 1 
4 0 

16 1 
6 0 

15 1 
6 0 

260 1 
4 0 

14 1 
6 0 

13 1 
6 0 

274 1 
4 0 

12 1 
6 0 

11 1 
6 0 

272 1 
4 0 

10 1 
6 0 

9 1 
6 0 

301 1 
7 0 

300 1 
7 0 

299 1 
7 0 

298 1 
7 0 

297 1 
7 0 

296 1 
7 0 

295 1 
7 0 

294 1 
7 0 

293 1 
7 0 

292 1 
7 0 

291 1 
7 0 

290 1 
7 0 

289 1 
7 0 

288 1 
7 0 

287 1 
7 0 

286 1 
7 0 

285 1 
7 0 

284 1 
7 0 

283 1 
7 0 

282 1 
7 0 

281 1 
7 0 

280 1 
7 0 

279 1 
7 0 

278 1 
7 0 

277 1 
7 0 

257 1 
5 0 

276 1 
7 0 

275 1 
7 0 

274 1 
7 0 

273 1 
7 0 

272 1 
7 0 

271 1 
7 0 

270 1 
7 0 

269 1 
7 0 

268 1 
7 0 

267 1 
7 0 

266 1 
7 0 

265 1 
7 0 

264 1 
7 0 

263 1 
7 0 

262 1 
7 0 

261 1 
7 0 

260 1 
7 0 

259 1 
7 0 

258 1 
7 0 

257 1 
7 0 

256 1 
7 0 

255 1 
7 0 

254 1 
7 0 

253 1 
7 0 

252 1 
7 0 

251 1 
7 0 

250 1 
7 0 

249 1 
7 0 

248 1 
7 0 

247 1 
7 0 

246 1 
7 0 

245 1 
7 0 

244 1 
7 0 

243 1 
7 0 

242 1 
7 0 

241 1 
7 0 

240 1 
7 0 

239 1 
7 0 

238 1 
7 0 

237 1 
7 0 

236 1 
7 0 

235 1 
7 0 

234 1 
7 0 

233 1 
7 0 

232 1 
7 0 

231 1 
7 0 

230 1 
7 0 

229 1 
7 0 

228 1 
7 0 

227 1 
7 0 

226 1 
7 0 

225 1 
7 0 

224 1 
7 0 

255 1 
2 0 

223 1 
7 0 

222 1 
7 0 

221 1 
7 0 

220 1 
7 0 

219 1 
7 0 

218 1 
7 0 

217 1 
7 0 

216 1 
7 0 

215 1 
7 0 

214 1 
7 0 

213 1 
7 0 

212 1 
7 0 

225 1 
6 0 

211 1 
7 0 

210 1 
7 0 

209 1 
7 0 

208 1 
7 0 

207 1 
7 0 

206 1 
7 0 

205 1 
7 0 

204 1 
7 0 

203 1 
7 0 

202 1 
7 0 

201 1 
7 0 

200 1 
7 0 

199 1 
7 0 

198 1 
7 0 

197 1 
7 0 

196 1 
7 0 

195 1 
7 0 

194 1 
7 0 

418 1 
0 0 

193 1 
7 0 

192 1 
7 0 

191 1 
7 0 

190 1 
7 0 

189 1 
7 0 

188 1 
7 0 

187 1 
7 0 

186 1 
7 0 

185 1 
7 0 

184 1 
7 0 

183 1 
7 0 

182 1 
7 0 

181 1 
7 0 

180 1 
7 0 

179 1 
7 0 

178 1 
7 0 

177 1 
7 0 

176 1 
7 0 

175 1 
7 0 

174 1 
7 0 

173 1 
7 0 

172 1 
7 0 

171 1 
7 0 

170 1 
7 0 

169 1 
7 0 

168 1 
7 0 

167 1 
7 0 

166 1 
7 0 

145 1 
0 0 

165 1 
7 0 

164 1 
7 0 

163 1 
7 0 

162 1 
7 0 

161 1 
7 0 

160 1 
7 0 

159 1 
7 0 

158 1 
7 0 

157 1 
7 0 

156 1 
7 0 

155 1 
7 0 

154 1 
7 0 

153 1 
7 0 

152 1 
7 0 

151 1 
7 0 

150 1 
7 0 

149 1 
7 0 

148 1 
7 0 

147 1 
7 0 

146 1 
7 0 

145 1 
7 0 

144 1 
7 0 

143 1 
7 0 

142 1 
7 0 

141 1 
7 0 

140 1 
7 0 

139 1 
7 0 

138 1 
7 0 

137 1 
7 0 

136 1 
7 0 

135 1 
7 0 

134 1 
7 0 

133 1 
7 0 

132 1 
7 0 

131 1 
7 0 

130 1 
7 0 

129 1 
7 0 

128 1 
7 0 

127 1 
7 0 

126 1 
7 0 

125 1 
7 0 

124 1 
7 0 

123 1 
7 0 

122 1 
7 0 

121 1 
7 0 

120 1 
7 0 

119 1 
7 0 

118 1 
7 0 

117 1 
7 0 

116 1 
7 0 

115 1 
7 0 

114 1 
7 0 

113 1 
7 0 

112 1 
7 0 

111 1 
7 0 

110 1 
7 0 

109 1 
7 0 

108 1 
7 0 

107 1 
7 0 

106 1 
7 0 

105 1 
7 0 

104 1 
7 0 

103 1 
7 0 

102 1 
7 0 

101 1 
7 0 

100 1 
7 0 

99 1 
7 0 

98 1 
7 0 

97 1 
7 0 

96 1 
7 0 

95 1 
7 0 

94 1 
7 0 

93 1 
7 0 

92 1 
7 0 

91 1 
7 0 

90 1 
7 0 

89 1 
7 0 

88 1 
7 0 

87 1 
7 0 

86 1 
7 0 

215 1 
0 0 

85 1 
7 0 

84 1 
7 0 

83 1 
7 0 

82 1 
7 0 

81 1 
7 0 

80 1 
7 0 

79 1 
7 0 

78 1 
7 0 

77 1 
7 0 

76 1 
7 0 

75 1 
7 0 

74 1 
7 0 

73 1 
7 0 

187 1 
0 0 

72 1 
7 0 

71 1 
7 0 

70 1 
7 0 

280 1 
5 0 

69 1 
7 0 

68 1 
7 0 

67 1 
7 0 

66 1 
7 0 

65 1 
7 0 

64 1 
7 0 

63 1 
7 0 

62 1 
7 0 

61 1 
7 0 

60 1 
7 0 

59 1 
7 0 

58 1 
7 0 

57 1 
7 0 

56 1 
7 0 

55 1 
7 0 

54 1 
7 0 

53 1 
7 0 

52 1 
7 0 

51 1 
7 0 

50 1 
7 0 

49 1 
7 0 

48 1 
7 0 

47 1 
7 0 

46 1 
7 0 

45 1 
7 0 

44 1 
7 0 

43 1 
7 0 

42 1 
7 0 

41 1 
7 0 

40 1 
7 0 

39 1 
7 0 

38 1 
7 0 

37 1 
7 0 

36 1 
7 0 

35 1 
7 0 

34 1 
7 0 

33 1 
7 0 

32 1 
7 0 

31 1 
7 0 

30 1 
7 0 

29 1 
7 0 

28 1 
7 0 

27 1 
7 0 

26 1 
7 0 

25 1 
7 0 

24 1 
7 0 

23 1 
7 0 

22 1 
7 0 

21 1 
7 0 

20 1 
7 0 

19 1 
7 0 

18 1 
7 0 

17 1 
7 0 

16 1 
7 0 

15 1 
7 0 

14 1 
7 0 

13 1 
7 0 

12 1 
7 0 

11 1 
7 0 

10 1 
7 0 

9 1 
7 0 

8 1 
7 0 

266 1 
4 0 

8 1 
6 0 

7 1 
6 0 

264 1 
4 0 

6 1 
6 0 

6 1 
5 0 

468 1 
2 0 

6 1 
4 0 

5 1 
4 0 

406 1 
2 0 

4 1 
4 0 

4 1 
3 0 

4 1 
2 0 

3 1 
2 0 

2 1 
2 0 

2 1 
1 0 

1 1 
1 0 

1 1 
0 0 

0 1 
0 0 

